  1,  149,  128,  151,  241,  408,  387,  410,  500,  781,  780,  779,  778,  782,  783,  784,
      785,  787,  786,  788,  789
  2,   71,  131,  130,   70,  330,  390,  389,  329,  793,  792,  791,  790,  794,  795,  796,
      797,  799,  798,  800,  801
  3,   31,   30,   85,   86,  290,  289,  344,  345,  805,  804,  803,  802,  806,  807,  808,
      809,  811,  810,  812,  813
  4,   43,   42,  105,  106,  302,  301,  364,  365,  817,  816,  815,  814,  818,  819,  820,
      821,  823,  822,  824,  825
  5,  213,  234,  148,  235,  472,  493,  407,  494,  829,  828,  827,  826,  830,  831,  832,
      833,  835,  834,  836,  837
  6,  118,   81,    6,    5,  377,  340,  265,  264,  841,  840,  839,  838,  842,  843,  844,
      845,  847,  846,  848,  849
  7,  242,    8,    7,   82,  501,  267,  266,  341,  853,  852,  851,  850,  854,  855,  856,
      857,  859,  858,  860,  861
  8,    6,   81,   82,    7,  265,  340,  341,  266,  840,  863,  851,  862,  843,  864,  856,
      865,  848,  846,  861,  860
  9,   83,  203,  147,  253,  342,  462,  406,  512,  869,  868,  867,  866,  870,  871,  872,
      873,  875,  874,  876,  877
 10,  203,   83,  242,   82,  462,  342,  501,  341,  869,  879,  850,  878,  870,  880,  857,
      881,  874,  875,  859,  861
 11,  242,   83,   84,  243,  501,  342,  343,  502,  879,  884,  883,  882,  880,  885,  886,
      887,  859,  875,  888,  889
 12,  146,  245,  248,   84,  405,  504,  507,  343,  893,  892,  891,  890,  894,  895,  896,
      897,  899,  898,  900,  888
 13,  144,   29,    1,   15,  403,  288,  260,  274,  904,  903,  902,  901,  905,  906,  907,
      908,  910,  909,  911,  912
 14,  141,   88,  144,  240,  400,  347,  403,  499,  916,  915,  914,  913,  917,  918,  919,
      920,  922,  921,  910,  923
 15,   16,   17,   89,  240,  275,  276,  348,  499,  927,  926,  925,  924,  928,  929,  930,
      931,  933,  932,  934,  923
 16,   17,   18,   90,   89,  276,  277,  349,  348,  937,  936,  935,  926,  938,  939,  940,
      929,  932,  941,  942,  934
 17,   18,   19,   91,   90,  277,  278,  350,  349,  945,  944,  943,  936,  946,  947,  948,
      939,  941,  949,  950,  942
 18,   92,   91,   19,   20,  351,  350,  278,  279,  953,  944,  952,  951,  954,  947,  955,
      956,  957,  950,  949,  958
 19,   20,   21,   93,   92,  279,  280,  352,  351,  961,  960,  959,  951,  962,  963,  964,
      956,  958,  965,  966,  957
 20,  187,  130,  131,  165,  446,  389,  390,  424,  969,  792,  968,  967,  970,  795,  971,
      972,  973,  800,  798,  974
 21,   26,  143,  145,   25,  285,  402,  404,  284,  978,  977,  976,  975,  979,  980,  981,
      982,  984,  983,  985,  986
 22,  240,   89,  247,  141,  499,  348,  506,  400,  925,  988,  987,  913,  930,  989,  990,
      920,  923,  934,  991,  922
 23,   28,   88,  141,   27,  287,  347,  400,  286,  994,  916,  993,  992,  995,  917,  996,
      997,  998,  921,  922,  999
 24,   88,   28,   29,  144,  347,  287,  288,  403,  994, 1000,  904,  915,  995, 1001,  905,
      918,  921,  998,  909,  910
 25,   32,   31,   86,   94,  291,  290,  345,  353, 1004,  802, 1003, 1002, 1005,  809, 1006,
     1007, 1008,  811,  813, 1009
 26,   33,   32,   94,   95,  292,  291,  353,  354, 1012, 1002, 1011, 1010, 1013, 1007, 1014,
     1015, 1016, 1008, 1009, 1017
 27,   34,   33,   95,   96,  293,  292,  354,  355, 1020, 1010, 1019, 1018, 1021, 1015, 1022,
     1023, 1024, 1016, 1017, 1025
 28,   35,   34,   96,   97,  294,  293,  355,  356, 1028, 1018, 1027, 1026, 1029, 1023, 1030,
     1031, 1032, 1024, 1025, 1033
 29,   36,   35,   97,   98,  295,  294,  356,  357, 1036, 1026, 1035, 1034, 1037, 1031, 1038,
     1039, 1040, 1032, 1033, 1041
 30,   37,   36,   98,   99,  296,  295,  357,  358, 1044, 1034, 1043, 1042, 1045, 1039, 1046,
     1047, 1048, 1040, 1041, 1049
 31,   38,   37,   99,  100,  297,  296,  358,  359, 1052, 1042, 1051, 1050, 1053, 1047, 1054,
     1055, 1056, 1048, 1049, 1057
 32,  175,  154,  103,  102,  434,  413,  362,  361, 1061, 1060, 1059, 1058, 1062, 1063, 1064,
     1065, 1067, 1066, 1068, 1069
 33,   40,   39,  102,  103,  299,  298,  361,  362, 1072, 1071, 1059, 1070, 1073, 1074, 1064,
     1075, 1077, 1076, 1069, 1068
 34,   41,   40,  103,  104,  300,  299,  362,  363, 1080, 1070, 1079, 1078, 1081, 1075, 1082,
     1083, 1084, 1077, 1068, 1085
 35,  218,  196,  233,  217,  477,  455,  492,  476, 1089, 1088, 1087, 1086, 1090, 1091, 1092,
     1093, 1095, 1094, 1096, 1097
 36,   42,   41,  104,  105,  301,  300,  363,  364, 1099, 1078, 1098,  816, 1100, 1083, 1101,
      819,  822, 1084, 1085,  824
 37,    4,   43,  106,   44,  263,  302,  365,  303, 1104,  814, 1103, 1102, 1105,  821, 1106,
     1107, 1108,  823,  825, 1109
 38,  177,  107,   47,   46,  436,  366,  306,  305, 1113, 1112, 1111, 1110, 1114, 1115, 1116,
     1117, 1119, 1118, 1120, 1121
 39,  176,  236,  250,  206,  435,  495,  509,  465, 1125, 1124, 1123, 1122, 1126, 1127, 1128,
     1129, 1131, 1130, 1132, 1133
 40,  107,  177,  250,  207,  366,  436,  509,  466, 1113, 1136, 1135, 1134, 1114, 1137, 1138,
     1139, 1118, 1119, 1132, 1140
 41,   48,   47,  107,  108,  307,  306,  366,  367, 1143, 1112, 1142, 1141, 1144, 1115, 1145,
     1146, 1147, 1120, 1118, 1148
 42,   50,   49,  109,   87,  309,  308,  368,  346, 1152, 1151, 1150, 1149, 1153, 1154, 1155,
     1156, 1158, 1157, 1159, 1160
 43,   51,   50,   87,  110,  310,  309,  346,  369, 1163, 1149, 1162, 1161, 1164, 1156, 1165,
     1166, 1167, 1158, 1160, 1168
 44,   52,   51,  110,  111,  311,  310,  369,  370, 1171, 1161, 1170, 1169, 1172, 1166, 1173,
     1174, 1175, 1167, 1168, 1176
 45,   53,   52,  111,  112,  312,  311,  370,  371, 1179, 1169, 1178, 1177, 1180, 1174, 1181,
     1182, 1183, 1175, 1176, 1184
 46,   54,   53,  112,  113,  313,  312,  371,  372, 1187, 1177, 1186, 1185, 1188, 1182, 1189,
     1190, 1191, 1183, 1184, 1192
 47,   55,   54,  113,  114,  314,  313,  372,  373, 1195, 1185, 1194, 1193, 1196, 1190, 1197,
     1198, 1199, 1191, 1192, 1200
 48,   56,   55,  114,  115,  315,  314,  373,  374, 1203, 1193, 1202, 1201, 1204, 1198, 1205,
     1206, 1207, 1199, 1200, 1208
 49,   57,   56,  115,  116,  316,  315,  374,  375, 1211, 1201, 1210, 1209, 1212, 1206, 1213,
     1214, 1215, 1207, 1208, 1216
 50,   65,  126,  125,   64,  324,  385,  384,  323, 1220, 1219, 1218, 1217, 1221, 1222, 1223,
     1224, 1226, 1225, 1227, 1228
 51,  205,  249,  214,  208,  464,  508,  473,  467, 1232, 1231, 1230, 1229, 1233, 1234, 1235,
     1236, 1238, 1237, 1239, 1240
 52,   59,  120,  119,   58,  318,  379,  378,  317, 1244, 1243, 1242, 1241, 1245, 1246, 1247,
     1248, 1250, 1249, 1251, 1252
 53,  249,  156,  209,  214,  508,  415,  468,  473, 1255, 1254, 1253, 1231, 1256, 1257, 1258,
     1234, 1237, 1259, 1260, 1239
 54,  121,  157,  156,  120,  380,  416,  415,  379, 1264, 1263, 1262, 1261, 1265, 1266, 1267,
     1268, 1270, 1269, 1259, 1249
 55,  122,  158,  157,  121,  381,  417,  416,  380, 1273, 1272, 1264, 1271, 1274, 1275, 1265,
     1276, 1278, 1277, 1269, 1270
 56,  123,  159,  158,  122,  382,  418,  417,  381, 1281, 1280, 1273, 1279, 1282, 1283, 1274,
     1284, 1286, 1285, 1277, 1278
 57,  124,  160,  159,  123,  383,  419,  418,  382, 1289, 1288, 1281, 1287, 1290, 1291, 1282,
     1292, 1294, 1293, 1285, 1286
 58,  125,  161,  160,  124,  384,  420,  419,  383, 1297, 1296, 1289, 1295, 1298, 1299, 1290,
     1300, 1227, 1301, 1293, 1294
 59,  185,  126,  127,  162,  444,  385,  386,  421, 1305, 1304, 1303, 1302, 1306, 1307, 1308,
     1309, 1310, 1225, 1311, 1312
 60,   67,  149,   23,    2,  326,  408,  282,  261, 1316, 1315, 1314, 1313, 1317, 1318, 1319,
     1320, 1321,  787, 1322, 1323
 61,   68,  128,  149,   67,  327,  387,  408,  326, 1325,  781, 1316, 1324, 1326,  782, 1317,
     1327, 1328,  786,  787, 1321
 62,  128,  129,  163,  151,  387,  388,  422,  410, 1331, 1330, 1329,  780, 1332, 1333, 1334,
      783,  786, 1335, 1336,  788
 63,   91,  164,  152,   90,  350,  423,  411,  349, 1339, 1338, 1337,  943, 1340, 1341, 1342,
      948,  950, 1343, 1344,  942
 64,   70,  130,  129,   69,  329,  389,  388,  328,  791, 1347, 1346, 1345,  796, 1348, 1349,
     1350,  801,  800, 1335, 1351
 65,   72,  132,  131,   71,  331,  391,  390,  330, 1354, 1353,  793, 1352, 1355, 1356,  794,
     1357, 1359, 1358,  798,  799
 66,  166,  165,  131,  132,  425,  424,  390,  391, 1361,  968, 1353, 1360, 1362,  971, 1356,
     1363, 1364,  974,  798, 1358
 67,  166,  132,  133,  167,  425,  391,  392,  426, 1360, 1367, 1366, 1365, 1363, 1368, 1369,
     1370, 1364, 1358, 1371, 1372
 68,  133,  134,  168,  167,  392,  393,  427,  426, 1375, 1374, 1373, 1366, 1376, 1377, 1378,
     1369, 1371, 1379, 1380, 1372
 69,  134,  135,  169,  168,  393,  394,  428,  427, 1383, 1382, 1381, 1374, 1384, 1385, 1386,
     1377, 1379, 1387, 1388, 1380
 70,  135,  136,  170,  169,  394,  395,  429,  428, 1391, 1390, 1389, 1382, 1392, 1393, 1394,
     1385, 1387, 1395, 1396, 1388
 71,  136,  137,  171,  170,  395,  396,  430,  429, 1399, 1398, 1397, 1390, 1400, 1401, 1402,
     1393, 1395, 1403, 1404, 1396
 72,  219,  172,  196,  218,  478,  431,  455,  477, 1407, 1406, 1089, 1405, 1408, 1409, 1090,
     1410, 1412, 1411, 1094, 1095
 73,   10,  244,  248,   11,  269,  503,  507,  270, 1416, 1415, 1414, 1413, 1417, 1418, 1419,
     1420, 1422, 1421,  900, 1423
 74,   12,  245,  117,   13,  271,  504,  376,  272, 1427, 1426, 1425, 1424, 1428, 1429, 1430,
     1431, 1432,  898, 1433, 1434
 75,  127,   66,   13,  117,  386,  325,  272,  376, 1437, 1436, 1425, 1435, 1438, 1439, 1430,
     1440, 1311, 1441, 1434, 1433
 76,  200,   85,   30,    3,  459,  344,  289,  262, 1444,  804, 1443, 1442, 1445,  807, 1446,
     1447, 1448,  812,  810, 1449
 77,   73,  133,  132,   72,  332,  392,  391,  331, 1451, 1367, 1354, 1450, 1452, 1368, 1355,
     1453, 1454, 1371, 1358, 1359
 78,   26,   27,  141,  143,  285,  286,  400,  402, 1456,  993, 1455,  978, 1457,  996, 1458,
      979,  984,  999,  922,  983
 79,   25,  145,  142,   24,  284,  404,  401,  283,  976, 1461, 1460, 1459,  981, 1462, 1463,
     1464,  986,  985, 1465, 1466
 80,   91,   92,  173,  164,  350,  351,  432,  423,  953, 1468, 1467, 1339,  954, 1469, 1470,
     1340,  950,  957, 1471, 1343
 81,   69,  129,  128,   68,  328,  388,  387,  327, 1346, 1331, 1325, 1472, 1349, 1332, 1326,
     1473, 1351, 1335,  786, 1328
 82,  142,  145,  239,  201,  401,  404,  498,  460, 1461, 1476, 1475, 1474, 1462, 1477, 1478,
     1479, 1465,  985, 1480, 1481
 83,  241,   93,   21,   22,  500,  352,  280,  281, 1484,  960, 1483, 1482, 1485,  963, 1486,
     1487,  789,  966,  965, 1488
 84,   74,  134,  133,   73,  333,  393,  392,  332, 1490, 1375, 1451, 1489, 1491, 1376, 1452,
     1492, 1493, 1379, 1371, 1454
 85,   75,  135,  134,   74,  334,  394,  393,  333, 1495, 1383, 1490, 1494, 1496, 1384, 1491,
     1497, 1498, 1387, 1379, 1493
 86,   76,  136,  135,   75,  335,  395,  394,  334, 1500, 1391, 1495, 1499, 1501, 1392, 1496,
     1502, 1503, 1395, 1387, 1498
 87,   77,  137,  136,   76,  336,  396,  395,  335, 1505, 1399, 1500, 1504, 1506, 1400, 1501,
     1507, 1508, 1403, 1395, 1503
 88,   78,  138,  137,   77,  337,  397,  396,  336, 1511, 1510, 1505, 1509, 1512, 1513, 1506,
     1514, 1516, 1515, 1403, 1508
 89,   79,  139,  138,   78,  338,  398,  397,  337, 1519, 1518, 1511, 1517, 1520, 1521, 1512,
     1522, 1524, 1523, 1515, 1516
 90,  100,  102,   39,   38,  359,  361,  298,  297, 1526, 1071, 1525, 1050, 1527, 1074, 1528,
     1055, 1057, 1069, 1076, 1056
 91,  140,   80,   14,  101,  399,  339,  273,  360, 1532, 1531, 1530, 1529, 1533, 1534, 1535,
     1536, 1538, 1537, 1539, 1540
 92,  139,   79,   80,  140,  398,  338,  339,  399, 1519, 1542, 1532, 1541, 1520, 1543, 1533,
     1544, 1523, 1524, 1537, 1538
 93,  176,  154,  216,  251,  435,  413,  475,  510, 1548, 1547, 1546, 1545, 1549, 1550, 1551,
     1552, 1131, 1066, 1553, 1554
 94,  250,  236,  237,  207,  509,  495,  496,  466, 1124, 1556, 1555, 1135, 1127, 1557, 1558,
     1138, 1132, 1130, 1559, 1140
 95,  108,  107,  207,  155,  367,  366,  466,  414, 1142, 1134, 1561, 1560, 1145, 1139, 1562,
     1563, 1148, 1118, 1140, 1564
 96,  106,  238,   45,   44,  365,  497,  304,  303, 1567, 1566, 1565, 1103, 1568, 1569, 1570,
     1106,  825, 1571, 1572, 1109
 97,  235,  148,  246,  205,  494,  407,  505,  464,  827, 1575, 1574, 1573,  832, 1576, 1577,
     1578,  837,  836, 1579, 1238
 98,   49,   48,  108,  109,  308,  307,  367,  368, 1581, 1141, 1580, 1151, 1582, 1146, 1583,
     1154, 1157, 1147, 1148, 1159
 99,   87,  109,  178,  150,  346,  368,  437,  409, 1150, 1586, 1585, 1584, 1155, 1587, 1588,
     1589, 1160, 1159, 1590, 1591
100,  150,  209,  210,  179,  409,  468,  469,  438, 1595, 1594, 1593, 1592, 1596, 1597, 1598,
     1599, 1591, 1260, 1600, 1601
101,   60,  121,  120,   59,  319,  380,  379,  318, 1603, 1261, 1244, 1602, 1604, 1268, 1245,
     1605, 1606, 1270, 1249, 1250
102,   61,  122,  121,   60,  320,  381,  380,  319, 1608, 1271, 1603, 1607, 1609, 1276, 1604,
     1610, 1611, 1278, 1270, 1606
103,   62,  123,  122,   61,  321,  382,  381,  320, 1613, 1279, 1608, 1612, 1614, 1284, 1609,
     1615, 1616, 1286, 1278, 1611
104,   63,  124,  123,   62,  322,  383,  382,  321, 1618, 1287, 1613, 1617, 1619, 1292, 1614,
     1620, 1621, 1294, 1286, 1616
105,   64,  125,  124,   63,  323,  384,  383,  322, 1218, 1295, 1618, 1622, 1223, 1300, 1619,
     1623, 1228, 1227, 1294, 1621
106,   81,  118,  198,  147,  340,  377,  457,  406,  841, 1626, 1625, 1624,  842, 1627, 1628,
     1629,  846,  847, 1630,  876
107,    5,   57,  116,  118,  264,  316,  375,  377, 1632, 1209, 1631,  838, 1633, 1214, 1634,
      845,  849, 1215, 1216,  847
108,  162,  127,  117,  199,  421,  386,  376,  458, 1303, 1435, 1636, 1635, 1308, 1440, 1637,
     1638, 1312, 1311, 1433, 1639
109,  199,  117,  245,  146,  458,  376,  504,  405, 1636, 1426,  893, 1640, 1637, 1429,  894,
     1641, 1639, 1433,  898,  899
110,  126,   65,   66,  127,  385,  324,  325,  386, 1220, 1642, 1437, 1304, 1221, 1643, 1438,
     1307, 1225, 1226, 1441, 1311
111,  199,  254,  231,  162,  458,  513,  490,  421, 1646, 1645, 1644, 1635, 1647, 1648, 1649,
     1638, 1639, 1650, 1651, 1312
112,  246,   14,   58,  119,  505,  273,  317,  378, 1654, 1653, 1242, 1652, 1655, 1656, 1247,
     1657, 1579, 1539, 1252, 1251
113,  246,  148,  101,   14,  505,  407,  360,  273, 1575, 1658, 1530, 1654, 1576, 1659, 1535,
     1655, 1579,  836, 1540, 1539
114,  156,  157,  210,  209,  415,  416,  469,  468, 1263, 1660, 1594, 1254, 1266, 1661, 1597,
     1257, 1259, 1269, 1600, 1260
115,  157,  158,  211,  210,  416,  417,  470,  469, 1272, 1663, 1662, 1660, 1275, 1664, 1665,
     1661, 1269, 1277, 1666, 1600
116,  158,  159,  212,  211,  417,  418,  471,  470, 1280, 1668, 1667, 1663, 1283, 1669, 1670,
     1664, 1277, 1285, 1671, 1666
117,  215,  259,  183,  182,  474,  518,  442,  441, 1675, 1674, 1673, 1672, 1676, 1677, 1678,
     1679, 1681, 1680, 1682, 1683
118,  186,  184,  230,  231,  445,  443,  489,  490, 1687, 1686, 1685, 1684, 1688, 1689, 1690,
     1691, 1693, 1692, 1694, 1651
119,  126,  185,  161,  125,  385,  444,  420,  384, 1305, 1695, 1297, 1219, 1306, 1696, 1298,
     1222, 1225, 1310, 1301, 1227
120,  116,  115,  184,  186,  375,  374,  443,  445, 1210, 1698, 1687, 1697, 1213, 1699, 1688,
     1700, 1216, 1208, 1692, 1693
121,  129,  130,  187,  163,  388,  389,  446,  422, 1347,  969, 1701, 1330, 1348,  970, 1702,
     1333, 1335,  800,  973, 1336
122,  197,   85,  200,  202,  456,  344,  459,  461, 1705, 1444, 1704, 1703, 1706, 1445, 1707,
     1708, 1709,  812, 1448, 1710
123,  197,  228,  204,  188,  456,  487,  463,  447, 1714, 1713, 1712, 1711, 1715, 1716, 1717,
     1718, 1709, 1719, 1720, 1721
124,  168,  226,  204,  167,  427,  485,  463,  426, 1724, 1723, 1722, 1373, 1725, 1726, 1727,
     1378, 1380, 1728, 1720, 1372
125,  169,  224,  226,  168,  428,  483,  485,  427, 1730, 1729, 1724, 1381, 1731, 1732, 1725,
     1386, 1388, 1733, 1728, 1380
126,  170,  222,  224,  169,  429,  481,  483,  428, 1735, 1734, 1730, 1389, 1736, 1737, 1731,
     1394, 1396, 1738, 1733, 1388
127,  171,  221,  222,  170,  430,  480,  481,  429, 1740, 1739, 1735, 1397, 1741, 1742, 1736,
     1402, 1404, 1743, 1738, 1396
128,  195,  193,  220,  219,  454,  452,  479,  478, 1747, 1746, 1745, 1744, 1748, 1749, 1750,
     1751, 1753, 1752, 1754, 1412
129,  137,  138,  194,  171,  396,  397,  453,  430, 1510, 1756, 1755, 1398, 1513, 1757, 1758,
     1401, 1403, 1515, 1759, 1404
130,   99,  195,  153,  100,  358,  454,  412,  359, 1762, 1761, 1760, 1051, 1763, 1764, 1765,
     1054, 1049, 1753, 1766, 1057
131,  196,  172,  139,  140,  455,  431,  398,  399, 1406, 1768, 1541, 1767, 1409, 1769, 1544,
     1770, 1094, 1411, 1523, 1538
132,  200,    3,   24,  142,  459,  262,  283,  401, 1442, 1772, 1460, 1771, 1447, 1773, 1463,
     1774, 1448, 1449, 1466, 1465
133,  201,  239,  152,  164,  460,  498,  411,  423, 1475, 1776, 1338, 1775, 1478, 1777, 1341,
     1778, 1481, 1480, 1344, 1343
134,  240,  144,   15,   16,  499,  403,  274,  275,  914,  901, 1779,  924,  919,  908, 1780,
      931,  923,  910,  912,  933
135,  227,  255,  256,  223,  486,  514,  515,  482, 1784, 1783, 1782, 1781, 1785, 1786, 1787,
     1788, 1790, 1789, 1791, 1792
136,  239,  145,  143,  152,  498,  404,  402,  411, 1476,  977, 1793, 1776, 1477,  980, 1794,
     1777, 1480,  985,  983, 1344
137,  147,  203,   82,   81,  406,  462,  341,  340,  868,  878,  863, 1624,  871,  881,  864,
     1629,  876,  874,  861,  846
138,  146,   84,   83,  253,  405,  343,  342,  512,  890,  884,  866, 1795,  897,  885,  873,
     1796,  899,  888,  875,  877
139,  217,  233,  234,  216,  476,  492,  493,  475, 1087, 1799, 1798, 1797, 1092, 1800, 1801,
     1802, 1097, 1096,  834, 1553
140,  216,  234,  213,  251,  475,  493,  472,  510, 1798,  829, 1803, 1546, 1801,  830, 1804,
     1551, 1553,  834,  835, 1554
141,  149,  241,   22,   23,  408,  500,  281,  282,  778, 1482, 1805, 1315,  785, 1487, 1806,
     1318,  787,  789, 1488, 1322
142,  150,  179,  110,   87,  409,  438,  369,  346, 1592, 1807, 1162, 1584, 1599, 1808, 1165,
     1589, 1591, 1601, 1168, 1160
143,   92,   93,  174,  173,  351,  352,  433,  432,  959, 1810, 1809, 1468,  964, 1811, 1812,
     1469,  957,  966, 1813, 1471
144,  141,  247,  152,  143,  400,  506,  411,  402,  987, 1814, 1793, 1455,  990, 1815, 1794,
     1458,  922,  991, 1344,  983
145,  247,   89,   90,  152,  506,  348,  349,  411,  988,  935, 1337, 1814,  989,  940, 1342,
     1815,  991,  934,  942, 1344
146,  175,  102,  100,  153,  434,  361,  359,  412, 1058, 1526, 1760, 1816, 1065, 1527, 1765,
     1817, 1067, 1069, 1057, 1766
147,  176,  104,  103,  154,  435,  363,  362,  413, 1818, 1079, 1060, 1548, 1819, 1082, 1063,
     1549, 1131, 1085, 1068, 1066
148,  206,  105,  104,  176,  465,  364,  363,  435, 1820, 1098, 1818, 1122, 1821, 1101, 1819,
     1129, 1133,  824, 1085, 1131
149,  109,  108,  155,  178,  368,  367,  414,  437, 1580, 1560, 1822, 1586, 1583, 1563, 1823,
     1587, 1159, 1148, 1564, 1590
150,  249,  119,  120,  156,  508,  378,  379,  415, 1824, 1243, 1262, 1255, 1825, 1246, 1267,
     1256, 1237, 1251, 1249, 1259
151,  249,  205,  246,  119,  508,  464,  505,  378, 1232, 1574, 1652, 1824, 1233, 1577, 1657,
     1825, 1237, 1238, 1579, 1251
152,  111,  110,  179,  180,  370,  369,  438,  439, 1170, 1807, 1827, 1826, 1173, 1808, 1828,
     1829, 1176, 1168, 1601, 1830
153,  112,  111,  180,  181,  371,  370,  439,  440, 1178, 1826, 1832, 1831, 1181, 1829, 1833,
     1834, 1184, 1176, 1830, 1835
154,  113,  112,  181,  182,  372,  371,  440,  441, 1186, 1831, 1837, 1836, 1189, 1834, 1838,
     1839, 1192, 1184, 1835, 1683
155,  114,  113,  182,  183,  373,  372,  441,  442, 1194, 1836, 1673, 1840, 1197, 1839, 1678,
     1841, 1200, 1192, 1683, 1682
156,  115,  114,  183,  184,  374,  373,  442,  443, 1202, 1840, 1842, 1698, 1205, 1841, 1843,
     1699, 1208, 1200, 1682, 1692
157,  231,  254,  198,  186,  490,  513,  457,  445, 1645, 1845, 1844, 1684, 1648, 1846, 1847,
     1691, 1651, 1650, 1630, 1693
158,  202,  200,  232,  252,  461,  459,  491,  511, 1704, 1850, 1849, 1848, 1707, 1851, 1852,
     1853, 1710, 1448, 1854, 1855
159,  232,  201,  257,  229,  491,  460,  516,  488, 1859, 1858, 1857, 1856, 1860, 1861, 1862,
     1863, 1854, 1481, 1864, 1865
160,   85,  197,  188,   86,  344,  456,  447,  345, 1705, 1711, 1866,  803, 1706, 1718, 1867,
      808,  812, 1709, 1721,  813
161,  189,  188,  204,  226,  448,  447,  463,  485, 1869, 1712, 1723, 1868, 1870, 1717, 1726,
     1871, 1872, 1721, 1720, 1728
162,   86,  188,  189,   94,  345,  447,  448,  353, 1866, 1869, 1873, 1003, 1867, 1870, 1874,
     1006,  813, 1721, 1872, 1009
163,   94,  189,  190,   95,  353,  448,  449,  354, 1873, 1876, 1875, 1011, 1874, 1877, 1878,
     1014, 1009, 1872, 1879, 1017
164,   95,  190,  191,   96,  354,  449,  450,  355, 1875, 1881, 1880, 1019, 1878, 1882, 1883,
     1022, 1017, 1879, 1884, 1025
165,   96,  191,  192,   97,  355,  450,  451,  356, 1880, 1886, 1885, 1027, 1883, 1887, 1888,
     1030, 1025, 1884, 1889, 1033
166,   97,  192,  193,   98,  356,  451,  452,  357, 1885, 1891, 1890, 1035, 1888, 1892, 1893,
     1038, 1033, 1889, 1752, 1041
167,  138,  139,  172,  194,  397,  398,  431,  453, 1518, 1768, 1894, 1756, 1521, 1769, 1895,
     1757, 1515, 1523, 1411, 1759
168,  153,  195,  219,  218,  412,  454,  478,  477, 1761, 1744, 1405, 1896, 1764, 1751, 1410,
     1897, 1766, 1753, 1412, 1095
169,  163,  225,  174,  151,  422,  484,  433,  410, 1900, 1899, 1898, 1329, 1901, 1902, 1903,
     1334, 1336, 1904, 1813,  788
170,   93,  241,  151,  174,  352,  500,  410,  433, 1484,  779, 1898, 1810, 1485,  784, 1903,
     1811,  966,  789,  788, 1813
171,  238,  106,  105,  206,  497,  365,  364,  465, 1567,  815, 1820, 1905, 1568,  820, 1821,
     1906, 1571,  825,  824, 1133
172,  250,  177,  238,  206,  509,  436,  497,  465, 1136, 1907, 1905, 1123, 1137, 1908, 1906,
     1128, 1132, 1119, 1571, 1133
173,  238,  177,   46,   45,  497,  436,  305,  304, 1907, 1110, 1909, 1566, 1908, 1117, 1910,
     1569, 1571, 1119, 1121, 1572
174,  178,  214,  209,  150,  437,  473,  468,  409, 1911, 1253, 1595, 1585, 1912, 1258, 1596,
     1588, 1590, 1239, 1260, 1591
175,  211,  180,  179,  210,  470,  439,  438,  469, 1913, 1827, 1593, 1662, 1914, 1828, 1598,
     1665, 1666, 1830, 1601, 1600
176,  212,  181,  180,  211,  471,  440,  439,  470, 1915, 1832, 1913, 1667, 1916, 1833, 1914,
     1670, 1671, 1835, 1830, 1666
177,  182,  181,  212,  215,  441,  440,  471,  474, 1837, 1915, 1917, 1672, 1838, 1916, 1918,
     1679, 1683, 1835, 1671, 1681
178,  184,  183,  259,  230,  443,  442,  518,  489, 1842, 1674, 1919, 1686, 1843, 1677, 1920,
     1689, 1692, 1682, 1680, 1694
179,  162,  231,  230,  185,  421,  490,  489,  444, 1644, 1685, 1921, 1302, 1649, 1690, 1922,
     1309, 1312, 1651, 1694, 1310
180,  259,  161,  185,  230,  518,  420,  444,  489, 1923, 1695, 1921, 1919, 1924, 1696, 1922,
     1920, 1680, 1301, 1310, 1694
181,  118,  116,  186,  198,  377,  375,  445,  457, 1631, 1697, 1844, 1626, 1634, 1700, 1847,
     1627,  847, 1216, 1693, 1630
182,  225,  258,  173,  174,  484,  517,  432,  433, 1926, 1925, 1809, 1899, 1927, 1928, 1812,
     1902, 1904, 1929, 1471, 1813
183,  258,  225,  223,  256,  517,  484,  482,  515, 1926, 1931, 1782, 1930, 1927, 1932, 1787,
     1933, 1929, 1904, 1792, 1791
184,  190,  189,  226,  224,  449,  448,  485,  483, 1876, 1868, 1729, 1934, 1877, 1871, 1732,
     1935, 1879, 1872, 1728, 1733
185,  191,  190,  224,  222,  450,  449,  483,  481, 1881, 1934, 1734, 1936, 1882, 1935, 1737,
     1937, 1884, 1879, 1733, 1738
186,  192,  191,  222,  221,  451,  450,  481,  480, 1886, 1936, 1739, 1938, 1887, 1937, 1742,
     1939, 1889, 1884, 1738, 1743
187,  195,   99,   98,  193,  454,  358,  357,  452, 1762, 1043, 1890, 1747, 1763, 1046, 1893,
     1748, 1753, 1049, 1041, 1752
188,  193,  192,  221,  220,  452,  451,  480,  479, 1891, 1938, 1940, 1746, 1892, 1939, 1941,
     1749, 1752, 1889, 1743, 1754
189,  172,  219,  220,  194,  431,  478,  479,  453, 1407, 1745, 1942, 1894, 1408, 1750, 1943,
     1895, 1411, 1412, 1754, 1759
190,  221,  171,  194,  220,  480,  430,  453,  479, 1740, 1755, 1942, 1940, 1741, 1758, 1943,
     1941, 1743, 1404, 1759, 1754
191,  218,  217,  175,  153,  477,  476,  434,  412, 1086, 1944, 1816, 1896, 1093, 1945, 1817,
     1897, 1095, 1097, 1067, 1766
192,  233,  196,  140,  101,  492,  455,  399,  360, 1088, 1767, 1529, 1946, 1091, 1770, 1536,
     1947, 1096, 1094, 1538, 1540
193,  166,  228,  227,  165,  425,  487,  486,  424, 1950, 1949, 1948, 1361, 1951, 1952, 1953,
     1362, 1364, 1719, 1790,  974
194,  201,  232,  200,  142,  460,  491,  459,  401, 1859, 1850, 1771, 1474, 1860, 1851, 1774,
     1479, 1481, 1854, 1448, 1465
195,  254,  253,  147,  198,  513,  512,  406,  457, 1954,  867, 1625, 1845, 1955,  872, 1628,
     1846, 1650,  877,  876, 1630
196,  254,  199,  146,  253,  513,  458,  405,  512, 1646, 1640, 1795, 1954, 1647, 1641, 1796,
     1955, 1650, 1639,  899,  877
197,  227,  228,  197,  202,  486,  487,  456,  461, 1949, 1714, 1703, 1956, 1952, 1715, 1708,
     1957, 1790, 1719, 1709, 1710
198,  223,  187,  165,  227,  482,  446,  424,  486, 1958,  967, 1948, 1781, 1959,  972, 1953,
     1788, 1792,  973,  974, 1790
199,  228,  166,  167,  204,  487,  425,  426,  463, 1950, 1365, 1722, 1713, 1951, 1370, 1727,
     1716, 1719, 1364, 1372, 1720
200,  235,  205,  208,  237,  494,  464,  467,  496, 1573, 1229, 1961, 1960, 1578, 1236, 1962,
     1963,  837, 1238, 1240, 1559
201,  214,  178,  155,  208,  473,  437,  414,  467, 1911, 1822, 1964, 1230, 1912, 1823, 1965,
     1235, 1239, 1590, 1564, 1240
202,  215,  212,  159,  160,  474,  471,  418,  419, 1917, 1668, 1288, 1966, 1918, 1669, 1291,
     1967, 1681, 1671, 1285, 1293
203,  176,  251,  213,  236,  435,  510,  472,  495, 1545, 1803, 1968, 1125, 1552, 1804, 1969,
     1126, 1131, 1554,  835, 1130
204,  259,  215,  160,  161,  518,  474,  419,  420, 1675, 1966, 1296, 1923, 1676, 1967, 1299,
     1924, 1680, 1681, 1293, 1301
205,  217,  216,  154,  175,  476,  475,  413,  434, 1797, 1547, 1061, 1944, 1802, 1550, 1062,
     1945, 1097, 1553, 1066, 1067
206,  225,  163,  187,  223,  484,  422,  446,  482, 1900, 1701, 1958, 1931, 1901, 1702, 1959,
     1932, 1904, 1336,  973, 1792
207,  257,  173,  258,  229,  516,  432,  517,  488, 1971, 1925, 1970, 1857, 1972, 1928, 1973,
     1862, 1864, 1471, 1929, 1865
208,  201,  164,  173,  257,  460,  423,  432,  516, 1775, 1467, 1971, 1858, 1778, 1470, 1972,
     1861, 1481, 1343, 1471, 1864
209,  234,  233,  101,  148,  493,  492,  360,  407, 1799, 1946, 1658,  828, 1800, 1947, 1659,
      831,  834, 1096, 1540,  836
210,  235,  237,  236,  213,  494,  496,  495,  472, 1960, 1556, 1968,  826, 1963, 1557, 1969,
      833,  837, 1559, 1130,  835
211,  208,  155,  207,  237,  467,  414,  466,  496, 1964, 1561, 1555, 1961, 1965, 1562, 1558,
     1962, 1240, 1564, 1140, 1559
212,  243,    9,    8,  242,  502,  268,  267,  501, 1975, 1974,  853,  882, 1976, 1977,  854,
      887,  889, 1978,  858,  859
213,  243,  244,   10,    9,  502,  503,  269,  268, 1980, 1416, 1979, 1975, 1981, 1417, 1982,
     1976,  889, 1421, 1422, 1978
214,  248,  244,  243,   84,  507,  503,  502,  343, 1415, 1980,  883,  891, 1418, 1981,  886,
      896,  900, 1421,  889,  888
215,  248,  245,   12,   11,  507,  504,  271,  270,  892, 1427, 1983, 1414,  895, 1428, 1984,
     1419,  900,  898, 1432, 1423
216,  227,  202,  252,  255,  486,  461,  511,  514, 1956, 1848, 1985, 1784, 1957, 1853, 1986,
     1785, 1790, 1710, 1855, 1789
217,  256,  255,  229,  258,  515,  514,  488,  517, 1783, 1987, 1970, 1930, 1786, 1988, 1973,
     1933, 1791, 1789, 1865, 1929
218,  252,  232,  229,  255,  511,  491,  488,  514, 1849, 1856, 1987, 1985, 1852, 1863, 1988,
     1986, 1855, 1854, 1865, 1789
219,  408,  387,  410,  500,  667,  646,  669,  759,  782,  783,  784,  785, 1989, 1990, 1991,
     1992, 1994, 1993, 1995, 1996
220,  330,  390,  389,  329,  589,  649,  648,  588,  794,  795,  796,  797, 1997, 1998, 1999,
     2000, 2002, 2001, 2003, 2004
221,  290,  289,  344,  345,  549,  548,  603,  604,  806,  807,  808,  809, 2005, 2006, 2007,
     2008, 2010, 2009, 2011, 2012
222,  302,  301,  364,  365,  561,  560,  623,  624,  818,  819,  820,  821, 2013, 2014, 2015,
     2016, 2018, 2017, 2019, 2020
223,  472,  493,  407,  494,  731,  752,  666,  753,  830,  831,  832,  833, 2021, 2022, 2023,
     2024, 2026, 2025, 2027, 2028
224,  377,  340,  265,  264,  636,  599,  524,  523,  842,  843,  844,  845, 2029, 2030, 2031,
     2032, 2034, 2033, 2035, 2036
225,  501,  267,  266,  341,  760,  526,  525,  600,  854,  855,  856,  857, 2037, 2038, 2039,
     2040, 2042, 2041, 2043, 2044
226,  265,  340,  341,  266,  524,  599,  600,  525,  843,  864,  856,  865, 2030, 2045, 2039,
     2046, 2035, 2033, 2044, 2043
227,  342,  462,  406,  512,  601,  721,  665,  771,  870,  871,  872,  873, 2047, 2048, 2049,
     2050, 2052, 2051, 2053, 2054
228,  462,  342,  501,  341,  721,  601,  760,  600,  870,  880,  857,  881, 2047, 2055, 2040,
     2056, 2051, 2052, 2042, 2044
229,  501,  342,  343,  502,  760,  601,  602,  761,  880,  885,  886,  887, 2055, 2057, 2058,
     2059, 2042, 2052, 2060, 2061
230,  405,  504,  507,  343,  664,  763,  766,  602,  894,  895,  896,  897, 2062, 2063, 2064,
     2065, 2067, 2066, 2068, 2060
231,  403,  288,  260,  274,  662,  547,  519,  533,  905,  906,  907,  908, 2069, 2070, 2071,
     2072, 2074, 2073, 2075, 2076
232,  400,  347,  403,  499,  659,  606,  662,  758,  917,  918,  919,  920, 2077, 2078, 2079,
     2080, 2082, 2081, 2074, 2083
233,  275,  276,  348,  499,  534,  535,  607,  758,  928,  929,  930,  931, 2084, 2085, 2086,
     2087, 2089, 2088, 2090, 2083
234,  276,  277,  349,  348,  535,  536,  608,  607,  938,  939,  940,  929, 2091, 2092, 2093,
     2085, 2088, 2094, 2095, 2090
235,  277,  278,  350,  349,  536,  537,  609,  608,  946,  947,  948,  939, 2096, 2097, 2098,
     2092, 2094, 2099, 2100, 2095
236,  351,  350,  278,  279,  610,  609,  537,  538,  954,  947,  955,  956, 2101, 2097, 2102,
     2103, 2104, 2100, 2099, 2105
237,  279,  280,  352,  351,  538,  539,  611,  610,  962,  963,  964,  956, 2106, 2107, 2108,
     2103, 2105, 2109, 2110, 2104
238,  446,  389,  390,  424,  705,  648,  649,  683,  970,  795,  971,  972, 2111, 1998, 2112,
     2113, 2114, 2003, 2001, 2115
239,  285,  402,  404,  284,  544,  661,  663,  543,  979,  980,  981,  982, 2116, 2117, 2118,
     2119, 2121, 2120, 2122, 2123
240,  499,  348,  506,  400,  758,  607,  765,  659,  930,  989,  990,  920, 2086, 2124, 2125,
     2080, 2083, 2090, 2126, 2082
241,  287,  347,  400,  286,  546,  606,  659,  545,  995,  917,  996,  997, 2127, 2077, 2128,
     2129, 2130, 2081, 2082, 2131
242,  347,  287,  288,  403,  606,  546,  547,  662,  995, 1001,  905,  918, 2127, 2132, 2069,
     2078, 2081, 2130, 2073, 2074
243,  291,  290,  345,  353,  550,  549,  604,  612, 1005,  809, 1006, 1007, 2133, 2008, 2134,
     2135, 2136, 2010, 2012, 2137
244,  292,  291,  353,  354,  551,  550,  612,  613, 1013, 1007, 1014, 1015, 2138, 2135, 2139,
     2140, 2141, 2136, 2137, 2142
245,  293,  292,  354,  355,  552,  551,  613,  614, 1021, 1015, 1022, 1023, 2143, 2140, 2144,
     2145, 2146, 2141, 2142, 2147
246,  294,  293,  355,  356,  553,  552,  614,  615, 1029, 1023, 1030, 1031, 2148, 2145, 2149,
     2150, 2151, 2146, 2147, 2152
247,  295,  294,  356,  357,  554,  553,  615,  616, 1037, 1031, 1038, 1039, 2153, 2150, 2154,
     2155, 2156, 2151, 2152, 2157
248,  296,  295,  357,  358,  555,  554,  616,  617, 1045, 1039, 1046, 1047, 2158, 2155, 2159,
     2160, 2161, 2156, 2157, 2162
249,  297,  296,  358,  359,  556,  555,  617,  618, 1053, 1047, 1054, 1055, 2163, 2160, 2164,
     2165, 2166, 2161, 2162, 2167
250,  434,  413,  362,  361,  693,  672,  621,  620, 1062, 1063, 1064, 1065, 2168, 2169, 2170,
     2171, 2173, 2172, 2174, 2175
251,  299,  298,  361,  362,  558,  557,  620,  621, 1073, 1074, 1064, 1075, 2176, 2177, 2170,
     2178, 2180, 2179, 2175, 2174
252,  300,  299,  362,  363,  559,  558,  621,  622, 1081, 1075, 1082, 1083, 2181, 2178, 2182,
     2183, 2184, 2180, 2174, 2185
253,  477,  455,  492,  476,  736,  714,  751,  735, 1090, 1091, 1092, 1093, 2186, 2187, 2188,
     2189, 2191, 2190, 2192, 2193
254,  301,  300,  363,  364,  560,  559,  622,  623, 1100, 1083, 1101,  819, 2194, 2183, 2195,
     2014, 2017, 2184, 2185, 2019
255,  263,  302,  365,  303,  522,  561,  624,  562, 1105,  821, 1106, 1107, 2196, 2016, 2197,
     2198, 2199, 2018, 2020, 2200
256,  436,  366,  306,  305,  695,  625,  565,  564, 1114, 1115, 1116, 1117, 2201, 2202, 2203,
     2204, 2206, 2205, 2207, 2208
257,  435,  495,  509,  465,  694,  754,  768,  724, 1126, 1127, 1128, 1129, 2209, 2210, 2211,
     2212, 2214, 2213, 2215, 2216
258,  366,  436,  509,  466,  625,  695,  768,  725, 1114, 1137, 1138, 1139, 2201, 2217, 2218,
     2219, 2205, 2206, 2215, 2220
259,  307,  306,  366,  367,  566,  565,  625,  626, 1144, 1115, 1145, 1146, 2221, 2202, 2222,
     2223, 2224, 2207, 2205, 2225
260,  309,  308,  368,  346,  568,  567,  627,  605, 1153, 1154, 1155, 1156, 2226, 2227, 2228,
     2229, 2231, 2230, 2232, 2233
261,  310,  309,  346,  369,  569,  568,  605,  628, 1164, 1156, 1165, 1166, 2234, 2229, 2235,
     2236, 2237, 2231, 2233, 2238
262,  311,  310,  369,  370,  570,  569,  628,  629, 1172, 1166, 1173, 1174, 2239, 2236, 2240,
     2241, 2242, 2237, 2238, 2243
263,  312,  311,  370,  371,  571,  570,  629,  630, 1180, 1174, 1181, 1182, 2244, 2241, 2245,
     2246, 2247, 2242, 2243, 2248
264,  313,  312,  371,  372,  572,  571,  630,  631, 1188, 1182, 1189, 1190, 2249, 2246, 2250,
     2251, 2252, 2247, 2248, 2253
265,  314,  313,  372,  373,  573,  572,  631,  632, 1196, 1190, 1197, 1198, 2254, 2251, 2255,
     2256, 2257, 2252, 2253, 2258
266,  315,  314,  373,  374,  574,  573,  632,  633, 1204, 1198, 1205, 1206, 2259, 2256, 2260,
     2261, 2262, 2257, 2258, 2263
267,  316,  315,  374,  375,  575,  574,  633,  634, 1212, 1206, 1213, 1214, 2264, 2261, 2265,
     2266, 2267, 2262, 2263, 2268
268,  324,  385,  384,  323,  583,  644,  643,  582, 1221, 1222, 1223, 1224, 2269, 2270, 2271,
     2272, 2274, 2273, 2275, 2276
269,  464,  508,  473,  467,  723,  767,  732,  726, 1233, 1234, 1235, 1236, 2277, 2278, 2279,
     2280, 2282, 2281, 2283, 2284
270,  318,  379,  378,  317,  577,  638,  637,  576, 1245, 1246, 1247, 1248, 2285, 2286, 2287,
     2288, 2290, 2289, 2291, 2292
271,  508,  415,  468,  473,  767,  674,  727,  732, 1256, 1257, 1258, 1234, 2293, 2294, 2295,
     2278, 2281, 2296, 2297, 2283
272,  380,  416,  415,  379,  639,  675,  674,  638, 1265, 1266, 1267, 1268, 2298, 2299, 2300,
     2301, 2303, 2302, 2296, 2289
273,  381,  417,  416,  380,  640,  676,  675,  639, 1274, 1275, 1265, 1276, 2304, 2305, 2298,
     2306, 2308, 2307, 2302, 2303
274,  382,  418,  417,  381,  641,  677,  676,  640, 1282, 1283, 1274, 1284, 2309, 2310, 2304,
     2311, 2313, 2312, 2307, 2308
275,  383,  419,  418,  382,  642,  678,  677,  641, 1290, 1291, 1282, 1292, 2314, 2315, 2309,
     2316, 2318, 2317, 2312, 2313
276,  384,  420,  419,  383,  643,  679,  678,  642, 1298, 1299, 1290, 1300, 2319, 2320, 2314,
     2321, 2275, 2322, 2317, 2318
277,  444,  385,  386,  421,  703,  644,  645,  680, 1306, 1307, 1308, 1309, 2323, 2324, 2325,
     2326, 2327, 2273, 2328, 2329
278,  326,  408,  282,  261,  585,  667,  541,  520, 1317, 1318, 1319, 1320, 2330, 2331, 2332,
     2333, 2334, 1994, 2335, 2336
279,  327,  387,  408,  326,  586,  646,  667,  585, 1326,  782, 1317, 1327, 2337, 1989, 2330,
     2338, 2339, 1993, 1994, 2334
280,  387,  388,  422,  410,  646,  647,  681,  669, 1332, 1333, 1334,  783, 2340, 2341, 2342,
     1990, 1993, 2343, 2344, 1995
281,  350,  423,  411,  349,  609,  682,  670,  608, 1340, 1341, 1342,  948, 2345, 2346, 2347,
     2098, 2100, 2348, 2349, 2095
282,  329,  389,  388,  328,  588,  648,  647,  587,  796, 1348, 1349, 1350, 1999, 2350, 2351,
     2352, 2004, 2003, 2343, 2353
283,  331,  391,  390,  330,  590,  650,  649,  589, 1355, 1356,  794, 1357, 2354, 2355, 1997,
     2356, 2358, 2357, 2001, 2002
284,  425,  424,  390,  391,  684,  683,  649,  650, 1362,  971, 1356, 1363, 2359, 2112, 2355,
     2360, 2361, 2115, 2001, 2357
285,  425,  391,  392,  426,  684,  650,  651,  685, 1363, 1368, 1369, 1370, 2360, 2362, 2363,
     2364, 2361, 2357, 2365, 2366
286,  392,  393,  427,  426,  651,  652,  686,  685, 1376, 1377, 1378, 1369, 2367, 2368, 2369,
     2363, 2365, 2370, 2371, 2366
287,  393,  394,  428,  427,  652,  653,  687,  686, 1384, 1385, 1386, 1377, 2372, 2373, 2374,
     2368, 2370, 2375, 2376, 2371
288,  394,  395,  429,  428,  653,  654,  688,  687, 1392, 1393, 1394, 1385, 2377, 2378, 2379,
     2373, 2375, 2380, 2381, 2376
289,  395,  396,  430,  429,  654,  655,  689,  688, 1400, 1401, 1402, 1393, 2382, 2383, 2384,
     2378, 2380, 2385, 2386, 2381
290,  478,  431,  455,  477,  737,  690,  714,  736, 1408, 1409, 1090, 1410, 2387, 2388, 2186,
     2389, 2391, 2390, 2190, 2191
291,  269,  503,  507,  270,  528,  762,  766,  529, 1417, 1418, 1419, 1420, 2392, 2393, 2394,
     2395, 2397, 2396, 2068, 2398
292,  271,  504,  376,  272,  530,  763,  635,  531, 1428, 1429, 1430, 1431, 2399, 2400, 2401,
     2402, 2403, 2066, 2404, 2405
293,  386,  325,  272,  376,  645,  584,  531,  635, 1438, 1439, 1430, 1440, 2406, 2407, 2401,
     2408, 2328, 2409, 2405, 2404
294,  459,  344,  289,  262,  718,  603,  548,  521, 1445,  807, 1446, 1447, 2410, 2006, 2411,
     2412, 2413, 2011, 2009, 2414
295,  332,  392,  391,  331,  591,  651,  650,  590, 1452, 1368, 1355, 1453, 2415, 2362, 2354,
     2416, 2417, 2365, 2357, 2358
296,  285,  286,  400,  402,  544,  545,  659,  661, 1457,  996, 1458,  979, 2418, 2128, 2419,
     2116, 2121, 2131, 2082, 2120
297,  284,  404,  401,  283,  543,  663,  660,  542,  981, 1462, 1463, 1464, 2118, 2420, 2421,
     2422, 2123, 2122, 2423, 2424
298,  350,  351,  432,  423,  609,  610,  691,  682,  954, 1469, 1470, 1340, 2101, 2425, 2426,
     2345, 2100, 2104, 2427, 2348
299,  328,  388,  387,  327,  587,  647,  646,  586, 1349, 1332, 1326, 1473, 2351, 2340, 2337,
     2428, 2353, 2343, 1993, 2339
300,  401,  404,  498,  460,  660,  663,  757,  719, 1462, 1477, 1478, 1479, 2420, 2429, 2430,
     2431, 2423, 2122, 2432, 2433
301,  500,  352,  280,  281,  759,  611,  539,  540, 1485,  963, 1486, 1487, 2434, 2107, 2435,
     2436, 1996, 2110, 2109, 2437
302,  333,  393,  392,  332,  592,  652,  651,  591, 1491, 1376, 1452, 1492, 2438, 2367, 2415,
     2439, 2440, 2370, 2365, 2417
303,  334,  394,  393,  333,  593,  653,  652,  592, 1496, 1384, 1491, 1497, 2441, 2372, 2438,
     2442, 2443, 2375, 2370, 2440
304,  335,  395,  394,  334,  594,  654,  653,  593, 1501, 1392, 1496, 1502, 2444, 2377, 2441,
     2445, 2446, 2380, 2375, 2443
305,  336,  396,  395,  335,  595,  655,  654,  594, 1506, 1400, 1501, 1507, 2447, 2382, 2444,
     2448, 2449, 2385, 2380, 2446
306,  337,  397,  396,  336,  596,  656,  655,  595, 1512, 1513, 1506, 1514, 2450, 2451, 2447,
     2452, 2454, 2453, 2385, 2449
307,  338,  398,  397,  337,  597,  657,  656,  596, 1520, 1521, 1512, 1522, 2455, 2456, 2450,
     2457, 2459, 2458, 2453, 2454
308,  359,  361,  298,  297,  618,  620,  557,  556, 1527, 1074, 1528, 1055, 2460, 2177, 2461,
     2165, 2167, 2175, 2179, 2166
309,  399,  339,  273,  360,  658,  598,  532,  619, 1533, 1534, 1535, 1536, 2462, 2463, 2464,
     2465, 2467, 2466, 2468, 2469
310,  398,  338,  339,  399,  657,  597,  598,  658, 1520, 1543, 1533, 1544, 2455, 2470, 2462,
     2471, 2458, 2459, 2466, 2467
311,  435,  413,  475,  510,  694,  672,  734,  769, 1549, 1550, 1551, 1552, 2472, 2473, 2474,
     2475, 2214, 2172, 2476, 2477
312,  509,  495,  496,  466,  768,  754,  755,  725, 1127, 1557, 1558, 1138, 2210, 2478, 2479,
     2218, 2215, 2213, 2480, 2220
313,  367,  366,  466,  414,  626,  625,  725,  673, 1145, 1139, 1562, 1563, 2222, 2219, 2481,
     2482, 2225, 2205, 2220, 2483
314,  365,  497,  304,  303,  624,  756,  563,  562, 1568, 1569, 1570, 1106, 2484, 2485, 2486,
     2197, 2020, 2487, 2488, 2200
315,  494,  407,  505,  464,  753,  666,  764,  723,  832, 1576, 1577, 1578, 2023, 2489, 2490,
     2491, 2028, 2027, 2492, 2282
316,  308,  307,  367,  368,  567,  566,  626,  627, 1582, 1146, 1583, 1154, 2493, 2223, 2494,
     2227, 2230, 2224, 2225, 2232
317,  346,  368,  437,  409,  605,  627,  696,  668, 1155, 1587, 1588, 1589, 2228, 2495, 2496,
     2497, 2233, 2232, 2498, 2499
318,  409,  468,  469,  438,  668,  727,  728,  697, 1596, 1597, 1598, 1599, 2500, 2501, 2502,
     2503, 2499, 2297, 2504, 2505
319,  319,  380,  379,  318,  578,  639,  638,  577, 1604, 1268, 1245, 1605, 2506, 2301, 2285,
     2507, 2508, 2303, 2289, 2290
320,  320,  381,  380,  319,  579,  640,  639,  578, 1609, 1276, 1604, 1610, 2509, 2306, 2506,
     2510, 2511, 2308, 2303, 2508
321,  321,  382,  381,  320,  580,  641,  640,  579, 1614, 1284, 1609, 1615, 2512, 2311, 2509,
     2513, 2514, 2313, 2308, 2511
322,  322,  383,  382,  321,  581,  642,  641,  580, 1619, 1292, 1614, 1620, 2515, 2316, 2512,
     2516, 2517, 2318, 2313, 2514
323,  323,  384,  383,  322,  582,  643,  642,  581, 1223, 1300, 1619, 1623, 2271, 2321, 2515,
     2518, 2276, 2275, 2318, 2517
324,  340,  377,  457,  406,  599,  636,  716,  665,  842, 1627, 1628, 1629, 2029, 2519, 2520,
     2521, 2033, 2034, 2522, 2053
325,  264,  316,  375,  377,  523,  575,  634,  636, 1633, 1214, 1634,  845, 2523, 2266, 2524,
     2032, 2036, 2267, 2268, 2034
326,  421,  386,  376,  458,  680,  645,  635,  717, 1308, 1440, 1637, 1638, 2325, 2408, 2525,
     2526, 2329, 2328, 2404, 2527
327,  458,  376,  504,  405,  717,  635,  763,  664, 1637, 1429,  894, 1641, 2525, 2400, 2062,
     2528, 2527, 2404, 2066, 2067
328,  385,  324,  325,  386,  644,  583,  584,  645, 1221, 1643, 1438, 1307, 2269, 2529, 2406,
     2324, 2273, 2274, 2409, 2328
329,  458,  513,  490,  421,  717,  772,  749,  680, 1647, 1648, 1649, 1638, 2530, 2531, 2532,
     2526, 2527, 2533, 2534, 2329
330,  505,  273,  317,  378,  764,  532,  576,  637, 1655, 1656, 1247, 1657, 2535, 2536, 2287,
     2537, 2492, 2468, 2292, 2291
331,  505,  407,  360,  273,  764,  666,  619,  532, 1576, 1659, 1535, 1655, 2489, 2538, 2464,
     2535, 2492, 2027, 2469, 2468
332,  415,  416,  469,  468,  674,  675,  728,  727, 1266, 1661, 1597, 1257, 2299, 2539, 2501,
     2294, 2296, 2302, 2504, 2297
333,  416,  417,  470,  469,  675,  676,  729,  728, 1275, 1664, 1665, 1661, 2305, 2540, 2541,
     2539, 2302, 2307, 2542, 2504
334,  417,  418,  471,  470,  676,  677,  730,  729, 1283, 1669, 1670, 1664, 2310, 2543, 2544,
     2540, 2307, 2312, 2545, 2542
335,  474,  518,  442,  441,  733,  777,  701,  700, 1676, 1677, 1678, 1679, 2546, 2547, 2548,
     2549, 2551, 2550, 2552, 2553
336,  445,  443,  489,  490,  704,  702,  748,  749, 1688, 1689, 1690, 1691, 2554, 2555, 2556,
     2557, 2559, 2558, 2560, 2534
337,  385,  444,  420,  384,  644,  703,  679,  643, 1306, 1696, 1298, 1222, 2323, 2561, 2319,
     2270, 2273, 2327, 2322, 2275
338,  375,  374,  443,  445,  634,  633,  702,  704, 1213, 1699, 1688, 1700, 2265, 2562, 2554,
     2563, 2268, 2263, 2558, 2559
339,  388,  389,  446,  422,  647,  648,  705,  681, 1348,  970, 1702, 1333, 2350, 2111, 2564,
     2341, 2343, 2003, 2114, 2344
340,  456,  344,  459,  461,  715,  603,  718,  720, 1706, 1445, 1707, 1708, 2565, 2410, 2566,
     2567, 2568, 2011, 2413, 2569
341,  456,  487,  463,  447,  715,  746,  722,  706, 1715, 1716, 1717, 1718, 2570, 2571, 2572,
     2573, 2568, 2574, 2575, 2576
342,  427,  485,  463,  426,  686,  744,  722,  685, 1725, 1726, 1727, 1378, 2577, 2578, 2579,
     2369, 2371, 2580, 2575, 2366
343,  428,  483,  485,  427,  687,  742,  744,  686, 1731, 1732, 1725, 1386, 2581, 2582, 2577,
     2374, 2376, 2583, 2580, 2371
344,  429,  481,  483,  428,  688,  740,  742,  687, 1736, 1737, 1731, 1394, 2584, 2585, 2581,
     2379, 2381, 2586, 2583, 2376
345,  430,  480,  481,  429,  689,  739,  740,  688, 1741, 1742, 1736, 1402, 2587, 2588, 2584,
     2384, 2386, 2589, 2586, 2381
346,  454,  452,  479,  478,  713,  711,  738,  737, 1748, 1749, 1750, 1751, 2590, 2591, 2592,
     2593, 2595, 2594, 2596, 2391
347,  396,  397,  453,  430,  655,  656,  712,  689, 1513, 1757, 1758, 1401, 2451, 2597, 2598,
     2383, 2385, 2453, 2599, 2386
348,  358,  454,  412,  359,  617,  713,  671,  618, 1763, 1764, 1765, 1054, 2600, 2601, 2602,
     2164, 2162, 2595, 2603, 2167
349,  455,  431,  398,  399,  714,  690,  657,  658, 1409, 1769, 1544, 1770, 2388, 2604, 2471,
     2605, 2190, 2390, 2458, 2467
350,  459,  262,  283,  401,  718,  521,  542,  660, 1447, 1773, 1463, 1774, 2412, 2606, 2421,
     2607, 2413, 2414, 2424, 2423
351,  460,  498,  411,  423,  719,  757,  670,  682, 1478, 1777, 1341, 1778, 2430, 2608, 2346,
     2609, 2433, 2432, 2349, 2348
352,  499,  403,  274,  275,  758,  662,  533,  534,  919,  908, 1780,  931, 2079, 2072, 2610,
     2087, 2083, 2074, 2076, 2089
353,  486,  514,  515,  482,  745,  773,  774,  741, 1785, 1786, 1787, 1788, 2611, 2612, 2613,
     2614, 2616, 2615, 2617, 2618
354,  498,  404,  402,  411,  757,  663,  661,  670, 1477,  980, 1794, 1777, 2429, 2117, 2619,
     2608, 2432, 2122, 2120, 2349
355,  406,  462,  341,  340,  665,  721,  600,  599,  871,  881,  864, 1629, 2048, 2056, 2045,
     2521, 2053, 2051, 2044, 2033
356,  405,  343,  342,  512,  664,  602,  601,  771,  897,  885,  873, 1796, 2065, 2057, 2050,
     2620, 2067, 2060, 2052, 2054
357,  476,  492,  493,  475,  735,  751,  752,  734, 1092, 1800, 1801, 1802, 2188, 2621, 2622,
     2623, 2193, 2192, 2025, 2476
358,  475,  493,  472,  510,  734,  752,  731,  769, 1801,  830, 1804, 1551, 2622, 2021, 2624,
     2474, 2476, 2025, 2026, 2477
359,  408,  500,  281,  282,  667,  759,  540,  541,  785, 1487, 1806, 1318, 1992, 2436, 2625,
     2331, 1994, 1996, 2437, 2335
360,  409,  438,  369,  346,  668,  697,  628,  605, 1599, 1808, 1165, 1589, 2503, 2626, 2235,
     2497, 2499, 2505, 2238, 2233
361,  351,  352,  433,  432,  610,  611,  692,  691,  964, 1811, 1812, 1469, 2108, 2627, 2628,
     2425, 2104, 2110, 2629, 2427
362,  400,  506,  411,  402,  659,  765,  670,  661,  990, 1815, 1794, 1458, 2125, 2630, 2619,
     2419, 2082, 2126, 2349, 2120
363,  506,  348,  349,  411,  765,  607,  608,  670,  989,  940, 1342, 1815, 2124, 2093, 2347,
     2630, 2126, 2090, 2095, 2349
364,  434,  361,  359,  412,  693,  620,  618,  671, 1065, 1527, 1765, 1817, 2171, 2460, 2602,
     2631, 2173, 2175, 2167, 2603
365,  435,  363,  362,  413,  694,  622,  621,  672, 1819, 1082, 1063, 1549, 2632, 2182, 2169,
     2472, 2214, 2185, 2174, 2172
366,  465,  364,  363,  435,  724,  623,  622,  694, 1821, 1101, 1819, 1129, 2633, 2195, 2632,
     2212, 2216, 2019, 2185, 2214
367,  368,  367,  414,  437,  627,  626,  673,  696, 1583, 1563, 1823, 1587, 2494, 2482, 2634,
     2495, 2232, 2225, 2483, 2498
368,  508,  378,  379,  415,  767,  637,  638,  674, 1825, 1246, 1267, 1256, 2635, 2286, 2300,
     2293, 2281, 2291, 2289, 2296
369,  508,  464,  505,  378,  767,  723,  764,  637, 1233, 1577, 1657, 1825, 2277, 2490, 2537,
     2635, 2281, 2282, 2492, 2291
370,  370,  369,  438,  439,  629,  628,  697,  698, 1173, 1808, 1828, 1829, 2240, 2626, 2636,
     2637, 2243, 2238, 2505, 2638
371,  371,  370,  439,  440,  630,  629,  698,  699, 1181, 1829, 1833, 1834, 2245, 2637, 2639,
     2640, 2248, 2243, 2638, 2641
372,  372,  371,  440,  441,  631,  630,  699,  700, 1189, 1834, 1838, 1839, 2250, 2640, 2642,
     2643, 2253, 2248, 2641, 2553
373,  373,  372,  441,  442,  632,  631,  700,  701, 1197, 1839, 1678, 1841, 2255, 2643, 2548,
     2644, 2258, 2253, 2553, 2552
374,  374,  373,  442,  443,  633,  632,  701,  702, 1205, 1841, 1843, 1699, 2260, 2644, 2645,
     2562, 2263, 2258, 2552, 2558
375,  490,  513,  457,  445,  749,  772,  716,  704, 1648, 1846, 1847, 1691, 2531, 2646, 2647,
     2557, 2534, 2533, 2522, 2559
376,  461,  459,  491,  511,  720,  718,  750,  770, 1707, 1851, 1852, 1853, 2566, 2648, 2649,
     2650, 2569, 2413, 2651, 2652
377,  491,  460,  516,  488,  750,  719,  775,  747, 1860, 1861, 1862, 1863, 2653, 2654, 2655,
     2656, 2651, 2433, 2657, 2658
378,  344,  456,  447,  345,  603,  715,  706,  604, 1706, 1718, 1867,  808, 2565, 2573, 2659,
     2007, 2011, 2568, 2576, 2012
379,  448,  447,  463,  485,  707,  706,  722,  744, 1870, 1717, 1726, 1871, 2660, 2572, 2578,
     2661, 2662, 2576, 2575, 2580
380,  345,  447,  448,  353,  604,  706,  707,  612, 1867, 1870, 1874, 1006, 2659, 2660, 2663,
     2134, 2012, 2576, 2662, 2137
381,  353,  448,  449,  354,  612,  707,  708,  613, 1874, 1877, 1878, 1014, 2663, 2664, 2665,
     2139, 2137, 2662, 2666, 2142
382,  354,  449,  450,  355,  613,  708,  709,  614, 1878, 1882, 1883, 1022, 2665, 2667, 2668,
     2144, 2142, 2666, 2669, 2147
383,  355,  450,  451,  356,  614,  709,  710,  615, 1883, 1887, 1888, 1030, 2668, 2670, 2671,
     2149, 2147, 2669, 2672, 2152
384,  356,  451,  452,  357,  615,  710,  711,  616, 1888, 1892, 1893, 1038, 2671, 2673, 2674,
     2154, 2152, 2672, 2594, 2157
385,  397,  398,  431,  453,  656,  657,  690,  712, 1521, 1769, 1895, 1757, 2456, 2604, 2675,
     2597, 2453, 2458, 2390, 2599
386,  412,  454,  478,  477,  671,  713,  737,  736, 1764, 1751, 1410, 1897, 2601, 2593, 2389,
     2676, 2603, 2595, 2391, 2191
387,  422,  484,  433,  410,  681,  743,  692,  669, 1901, 1902, 1903, 1334, 2677, 2678, 2679,
     2342, 2344, 2680, 2629, 1995
388,  352,  500,  410,  433,  611,  759,  669,  692, 1485,  784, 1903, 1811, 2434, 1991, 2679,
     2627, 2110, 1996, 1995, 2629
389,  497,  365,  364,  465,  756,  624,  623,  724, 1568,  820, 1821, 1906, 2484, 2015, 2633,
     2681, 2487, 2020, 2019, 2216
390,  509,  436,  497,  465,  768,  695,  756,  724, 1137, 1908, 1906, 1128, 2217, 2682, 2681,
     2211, 2215, 2206, 2487, 2216
391,  497,  436,  305,  304,  756,  695,  564,  563, 1908, 1117, 1910, 1569, 2682, 2204, 2683,
     2485, 2487, 2206, 2208, 2488
392,  437,  473,  468,  409,  696,  732,  727,  668, 1912, 1258, 1596, 1588, 2684, 2295, 2500,
     2496, 2498, 2283, 2297, 2499
393,  470,  439,  438,  469,  729,  698,  697,  728, 1914, 1828, 1598, 1665, 2685, 2636, 2502,
     2541, 2542, 2638, 2505, 2504
394,  471,  440,  439,  470,  730,  699,  698,  729, 1916, 1833, 1914, 1670, 2686, 2639, 2685,
     2544, 2545, 2641, 2638, 2542
395,  441,  440,  471,  474,  700,  699,  730,  733, 1838, 1916, 1918, 1679, 2642, 2686, 2687,
     2549, 2553, 2641, 2545, 2551
396,  443,  442,  518,  489,  702,  701,  777,  748, 1843, 1677, 1920, 1689, 2645, 2547, 2688,
     2555, 2558, 2552, 2550, 2560
397,  421,  490,  489,  444,  680,  749,  748,  703, 1649, 1690, 1922, 1309, 2532, 2556, 2689,
     2326, 2329, 2534, 2560, 2327
398,  518,  420,  444,  489,  777,  679,  703,  748, 1924, 1696, 1922, 1920, 2690, 2561, 2689,
     2688, 2550, 2322, 2327, 2560
399,  377,  375,  445,  457,  636,  634,  704,  716, 1634, 1700, 1847, 1627, 2524, 2563, 2647,
     2519, 2034, 2268, 2559, 2522
400,  484,  517,  432,  433,  743,  776,  691,  692, 1927, 1928, 1812, 1902, 2691, 2692, 2628,
     2678, 2680, 2693, 2427, 2629
401,  517,  484,  482,  515,  776,  743,  741,  774, 1927, 1932, 1787, 1933, 2691, 2694, 2613,
     2695, 2693, 2680, 2618, 2617
402,  449,  448,  485,  483,  708,  707,  744,  742, 1877, 1871, 1732, 1935, 2664, 2661, 2582,
     2696, 2666, 2662, 2580, 2583
403,  450,  449,  483,  481,  709,  708,  742,  740, 1882, 1935, 1737, 1937, 2667, 2696, 2585,
     2697, 2669, 2666, 2583, 2586
404,  451,  450,  481,  480,  710,  709,  740,  739, 1887, 1937, 1742, 1939, 2670, 2697, 2588,
     2698, 2672, 2669, 2586, 2589
405,  454,  358,  357,  452,  713,  617,  616,  711, 1763, 1046, 1893, 1748, 2600, 2159, 2674,
     2590, 2595, 2162, 2157, 2594
406,  452,  451,  480,  479,  711,  710,  739,  738, 1892, 1939, 1941, 1749, 2673, 2698, 2699,
     2591, 2594, 2672, 2589, 2596
407,  431,  478,  479,  453,  690,  737,  738,  712, 1408, 1750, 1943, 1895, 2387, 2592, 2700,
     2675, 2390, 2391, 2596, 2599
408,  480,  430,  453,  479,  739,  689,  712,  738, 1741, 1758, 1943, 1941, 2587, 2598, 2700,
     2699, 2589, 2386, 2599, 2596
409,  477,  476,  434,  412,  736,  735,  693,  671, 1093, 1945, 1817, 1897, 2189, 2701, 2631,
     2676, 2191, 2193, 2173, 2603
410,  492,  455,  399,  360,  751,  714,  658,  619, 1091, 1770, 1536, 1947, 2187, 2605, 2465,
     2702, 2192, 2190, 2467, 2469
411,  425,  487,  486,  424,  684,  746,  745,  683, 1951, 1952, 1953, 1362, 2703, 2704, 2705,
     2359, 2361, 2574, 2616, 2115
412,  460,  491,  459,  401,  719,  750,  718,  660, 1860, 1851, 1774, 1479, 2653, 2648, 2607,
     2431, 2433, 2651, 2413, 2423
413,  513,  512,  406,  457,  772,  771,  665,  716, 1955,  872, 1628, 1846, 2706, 2049, 2520,
     2646, 2533, 2054, 2053, 2522
414,  513,  458,  405,  512,  772,  717,  664,  771, 1647, 1641, 1796, 1955, 2530, 2528, 2620,
     2706, 2533, 2527, 2067, 2054
415,  486,  487,  456,  461,  745,  746,  715,  720, 1952, 1715, 1708, 1957, 2704, 2570, 2567,
     2707, 2616, 2574, 2568, 2569
416,  482,  446,  424,  486,  741,  705,  683,  745, 1959,  972, 1953, 1788, 2708, 2113, 2705,
     2614, 2618, 2114, 2115, 2616
417,  487,  425,  426,  463,  746,  684,  685,  722, 1951, 1370, 1727, 1716, 2703, 2364, 2579,
     2571, 2574, 2361, 2366, 2575
418,  494,  464,  467,  496,  753,  723,  726,  755, 1578, 1236, 1962, 1963, 2491, 2280, 2709,
     2710, 2028, 2282, 2284, 2480
419,  473,  437,  414,  467,  732,  696,  673,  726, 1912, 1823, 1965, 1235, 2684, 2634, 2711,
     2279, 2283, 2498, 2483, 2284
420,  474,  471,  418,  419,  733,  730,  677,  678, 1918, 1669, 1291, 1967, 2687, 2543, 2315,
     2712, 2551, 2545, 2312, 2317
421,  435,  510,  472,  495,  694,  769,  731,  754, 1552, 1804, 1969, 1126, 2475, 2624, 2713,
     2209, 2214, 2477, 2026, 2213
422,  518,  474,  419,  420,  777,  733,  678,  679, 1676, 1967, 1299, 1924, 2546, 2712, 2320,
     2690, 2550, 2551, 2317, 2322
423,  476,  475,  413,  434,  735,  734,  672,  693, 1802, 1550, 1062, 1945, 2623, 2473, 2168,
     2701, 2193, 2476, 2172, 2173
424,  484,  422,  446,  482,  743,  681,  705,  741, 1901, 1702, 1959, 1932, 2677, 2564, 2708,
     2694, 2680, 2344, 2114, 2618
425,  516,  432,  517,  488,  775,  691,  776,  747, 1972, 1928, 1973, 1862, 2714, 2692, 2715,
     2655, 2657, 2427, 2693, 2658
426,  460,  423,  432,  516,  719,  682,  691,  775, 1778, 1470, 1972, 1861, 2609, 2426, 2714,
     2654, 2433, 2348, 2427, 2657
427,  493,  492,  360,  407,  752,  751,  619,  666, 1800, 1947, 1659,  831, 2621, 2702, 2538,
     2022, 2025, 2192, 2469, 2027
428,  494,  496,  495,  472,  753,  755,  754,  731, 1963, 1557, 1969,  833, 2710, 2478, 2713,
     2024, 2028, 2480, 2213, 2026
429,  467,  414,  466,  496,  726,  673,  725,  755, 1965, 1562, 1558, 1962, 2711, 2481, 2479,
     2709, 2284, 2483, 2220, 2480
430,  502,  268,  267,  501,  761,  527,  526,  760, 1976, 1977,  854,  887, 2716, 2717, 2037,
     2059, 2061, 2718, 2041, 2042
431,  502,  503,  269,  268,  761,  762,  528,  527, 1981, 1417, 1982, 1976, 2719, 2392, 2720,
     2716, 2061, 2396, 2397, 2718
432,  507,  503,  502,  343,  766,  762,  761,  602, 1418, 1981,  886,  896, 2393, 2719, 2058,
     2064, 2068, 2396, 2061, 2060
433,  507,  504,  271,  270,  766,  763,  530,  529,  895, 1428, 1984, 1419, 2063, 2399, 2721,
     2394, 2068, 2066, 2403, 2398
434,  486,  461,  511,  514,  745,  720,  770,  773, 1957, 1853, 1986, 1785, 2707, 2650, 2722,
     2611, 2616, 2569, 2652, 2615
435,  515,  514,  488,  517,  774,  773,  747,  776, 1786, 1988, 1973, 1933, 2612, 2723, 2715,
     2695, 2617, 2615, 2658, 2693
436,  511,  491,  488,  514,  770,  750,  747,  773, 1852, 1863, 1988, 1986, 2649, 2656, 2723,
     2722, 2652, 2651, 2658, 2615