  1, 202,  85,  90, 244, 245, 246
  2,  86,  24,  25, 247, 248, 249
  3, 118,  50, 117, 250, 251, 252
  4, 133,  65, 132, 253, 254, 255
  5,  89,  87,  38, 256, 257, 258
  6, 113,  12,  60, 259, 260, 261
  7,  81,   6,   5, 262, 263, 264
  8,  82,   6,  81, 265, 262, 266
  9, 243, 206,  83, 267, 268, 269
 10,  83,   8,  82, 270, 271, 272
 11, 243,  81, 146, 273, 274, 275
 12, 147,  84,  10, 276, 277, 278
 13, 202, 144, 142, 279, 280, 281
 14,  90,  85,  18, 245, 282, 283
 15, 151,  91,  92, 284, 285, 286
 16,  91,  90,  19, 287, 288, 289
 17, 203, 197, 151, 290, 291, 292
 18,  92,  91,  20, 285, 293, 294
 19,  93,  92,  21, 295, 296, 297
 20,  86,  23,  24, 298, 299, 247
 21,  24,  23,   2, 299, 300, 301
 22, 150,  23,  86, 302, 298, 303
 23,  94,  86,  25, 304, 249, 305
 24,  95,  94,  26, 306, 307, 308
 25,  96,  95,  27, 309, 310, 311
 26,  97,  96,  28, 312, 313, 314
 27,  98,  97,  29, 315, 316, 317
 28,  99,  98,  30, 318, 319, 320
 29, 100,  99,  31, 321, 322, 323
 30, 101, 100,  32, 324, 325, 326
 31, 102,  34,  88, 327, 328, 329
 32, 103,  88,  35, 330, 331, 332
 33, 104, 103,  36, 333, 334, 335
 34, 105, 104,  37, 336, 337, 338
 35, 176, 116, 152, 339, 340, 341
 36, 106,  89,  39, 342, 343, 344
 37, 107, 106,  40, 345, 346, 347
 38, 108, 107,  41, 348, 349, 350
 39, 109, 108,  42, 351, 352, 353
 40, 110, 109,  43, 354, 355, 356
 41, 111, 110,  44, 357, 358, 359
 42, 112, 111,  45, 360, 361, 362
 43, 127,  59, 126, 363, 364, 365
 44, 114,   4,  84, 366, 367, 368
 45,  74,  47,  13, 369, 370, 371
 46, 115,  47,  74, 372, 369, 373
 47, 116,  48, 115, 374, 375, 376
 48, 152, 115, 149, 377, 378, 379
 49, 117,  49, 116, 380, 381, 382
 50, 119,  51, 118, 383, 384, 385
 51, 153, 120, 119, 386, 387, 388
 52, 154, 120, 153, 389, 386, 390
 53, 155, 121, 154, 391, 392, 393
 54, 156, 122, 155, 394, 395, 396
 55, 157, 123, 156, 397, 398, 399
 56, 158, 124, 157, 400, 401, 402
 57, 159, 125, 158, 403, 404, 405
 58, 160, 126, 159, 406, 407, 408
 59, 236, 234, 198, 409, 410, 411
 60, 234, 173, 209, 412, 413, 414
 61, 162, 130, 129, 415, 416, 417
 62, 163, 130, 162, 418, 415, 419
 63, 164, 131, 163, 420, 421, 422
 64, 165, 132, 164, 423, 424, 425
 65, 134,  66, 133, 426, 427, 428
 66, 166, 135, 134, 429, 430, 431
 67, 167, 135, 166, 432, 429, 433
 68, 168, 136, 167, 434, 435, 436
 69, 138,  70, 137, 437, 438, 439
 70, 139,  71, 138, 440, 441, 442
 71, 140,  72, 139, 443, 444, 445
 72, 149,  74,  73, 446, 447, 448
 73, 142, 141,  85, 449, 450, 451
 74, 141,  78,  79, 452, 453, 454
 75, 205, 141,  79, 455, 454, 456
 76, 205,  16, 141, 457, 458, 455
 77, 205,  80,  15, 459, 460, 461
 78,  80,   1,  15, 462, 463, 460
 79,  84,  11,  10, 464, 465, 277
 80,  81,   5,  12, 264, 466, 467
 81,  82,   8,   7, 271, 468, 469
 82,  82,   7,   6, 469, 470, 265
 83, 147,   9,  83, 471, 472, 473
 84,  83,   9,   8, 472, 474, 270
 85, 237, 200, 160, 475, 476, 477
 86,  84,   4,  11, 367, 478, 464
 87,  85,  17,  18, 479, 480, 282
 88,  90,  18,  19, 283, 481, 288
 89,  94,  25,  26, 305, 482, 307
 90, 169, 151,  92, 483, 286, 484
 91,  87,   3,  38, 485, 486, 257
 92,  89,  38,  39, 258, 487, 343
 93,  88,  34,  35, 328, 488, 331
 94, 103,  35,  36, 332, 489, 334
 95, 106,  39,  40, 344, 490, 346
 96, 120,  52, 119, 491, 492, 387
 97,  91,  19,  20, 289, 493, 293
 98, 144,  77, 142, 494, 495, 280
 99,  92,  20,  21, 294, 496, 296
100, 145,  76, 144, 497, 498, 499
101,  93,  21,  22, 297, 500, 501
102, 242, 232, 241, 502, 503, 504
103, 150,  93,  22, 505, 501, 506
104, 170, 169,  93, 507, 508, 509
105,  95,  26,  27, 308, 510, 310
106, 171, 170,  94, 511, 512, 513
107,  96,  27,  28, 311, 514, 313
108, 172,  96, 161, 515, 516, 517
109,  97,  28,  29, 314, 518, 316
110, 241, 232, 208, 503, 519, 520
111,  98,  29,  30, 317, 521, 319
112, 234, 209, 198, 414, 522, 410
113,  99,  30,  31, 320, 523, 322
114, 129,  61, 128, 524, 525, 526
115, 100,  31,  32, 323, 527, 325
116, 130,  62, 129, 528, 529, 416
117, 101,  32,  33, 326, 530, 531
118, 131,  63, 130, 532, 533, 534
119, 102, 101,  33, 535, 531, 536
120, 132,  64, 131, 537, 538, 539
121, 102,  33,  34, 536, 540, 327
122, 174, 133, 165, 541, 542, 543
123, 104,  36,  37, 335, 544, 337
124, 135,  67, 134, 545, 546, 430
125, 105,  37,   3, 338, 547, 548
126, 136,  68, 135, 549, 550, 551
127, 214, 211, 179, 552, 553, 554
128, 137,  69, 136, 555, 556, 557
129, 107,  40,  41, 347, 558, 349
130, 121,  53, 120, 559, 560, 561
131, 108,  41,  42, 350, 562, 352
132, 122,  54, 121, 563, 564, 565
133, 109,  42,  43, 353, 566, 355
134, 123,  55, 122, 567, 568, 569
135, 110,  43,  44, 356, 570, 358
136, 124,  56, 123, 571, 572, 573
137, 111,  44,  45, 359, 574, 361
138, 125,  57, 124, 575, 576, 577
139, 112,  45,  46, 362, 578, 579
140, 126,  58, 125, 580, 581, 582
141, 114, 112,  46, 583, 579, 584
142, 204, 199, 114, 585, 586, 587
143, 113,  81,  12, 588, 467, 259
144, 127,  60,  59, 589, 590, 363
145, 114,  46,   4, 584, 591, 366
146, 206, 204,  84, 592, 593, 594
147, 115,  48,  47, 375, 595, 372
148, 226, 225, 195, 596, 597, 598
149, 212, 152, 196, 599, 600, 601
150, 116,  49,  48, 381, 602, 374
151, 177, 117, 176, 603, 604, 605
152, 117,  50,  49, 251, 606, 380
153, 213, 178, 177, 607, 608, 609
154, 118,  51,  50, 384, 610, 250
155, 214, 153, 178, 611, 612, 613
156, 119,  52,  51, 492, 614, 383
157, 215, 153, 214, 615, 611, 616
158, 120,  53,  52, 560, 617, 491
159, 216, 154, 215, 618, 619, 620
160, 121,  54,  53, 564, 621, 559
161, 217, 155, 216, 622, 623, 624
162, 122,  55,  54, 568, 625, 563
163, 218, 156, 217, 626, 627, 628
164, 123,  56,  55, 572, 629, 567
165, 219, 157, 218, 630, 631, 632
166, 124,  57,  56, 576, 633, 571
167, 220, 158, 219, 634, 635, 636
168, 125,  58,  57, 581, 637, 575
169, 235, 159, 220, 638, 639, 640
170, 126,  59,  58, 364, 641, 580
171, 237, 207, 200, 642, 643, 475
172, 127, 113,  60, 644, 261, 589
173, 128,  61,  14, 525, 645, 646
174, 201,  14, 143, 647, 648, 649
175, 231, 209, 187, 650, 651, 652
176, 129,  62,  61, 529, 653, 524
177, 231, 187, 188, 652, 654, 655
178, 130,  63,  62, 533, 656, 528
179, 230, 188, 189, 657, 658, 659
180, 131,  64,  63, 538, 660, 532
181, 229, 189, 190, 661, 662, 663
182, 132,  65,  64, 254, 664, 537
183, 227, 191, 192, 665, 666, 667
184, 133,  66,  65, 427, 668, 253
185, 227, 192, 222, 667, 669, 670
186, 134,  67,  66, 546, 671, 426
187, 222, 192, 193, 669, 672, 673
188, 135,  68,  67, 550, 674, 545
189, 223, 193, 194, 675, 676, 677
190, 136,  69,  68, 556, 678, 549
191, 195, 137, 168, 679, 680, 681
192, 137,  70,  69, 438, 682, 555
193, 221, 212, 196, 683, 601, 684
194, 138,  71,  70, 441, 685, 437
195, 196, 139, 175, 686, 687, 688
196, 139,  72,  71, 444, 689, 440
197, 152, 149, 140, 379, 690, 691
198, 140,  73,  72, 692, 693, 443
199, 141,  16,  17, 458, 694, 695
200, 141,  17,  85, 695, 479, 450
201, 142,  77,  78, 495, 696, 697
202, 142,  78, 141, 697, 452, 449
203, 143,  14,  75, 648, 698, 699
204, 145,  75,  76, 700, 701, 497
205, 238, 202, 197, 702, 703, 704
206, 144,  76,  77, 498, 705, 494
207, 238, 197, 203, 704, 290, 706
208, 145, 143,  75, 707, 699, 700
209, 146,  81, 113, 274, 588, 708
210, 200, 113, 127, 709, 644, 710
211, 147,  10,   9, 278, 711, 471
212, 206, 147,  83, 712, 473, 268
213, 148, 105,   3, 713, 548, 714
214, 148,   3,  87, 714, 485, 715
215, 149, 115,  74, 378, 373, 446
216, 149,  73, 140, 448, 692, 690
217, 150,  22,  23, 506, 716, 302
218, 170, 150,  86, 717, 303, 718
219, 169,  92,  93, 484, 295, 508
220, 241, 151, 169, 719, 483, 720
221, 152, 116, 115, 340, 376, 377
222, 225, 221, 175, 721, 722, 723
223, 178, 119, 118, 724, 385, 725
224, 216, 215, 180, 620, 726, 727
225, 217, 216, 181, 624, 728, 729
226, 154, 121, 120, 392, 561, 389
227, 218, 217, 182, 628, 730, 731
228, 155, 122, 121, 395, 565, 391
229, 219, 218, 183, 632, 732, 733
230, 156, 123, 122, 398, 569, 394
231, 220, 219, 184, 636, 734, 735
232, 157, 124, 123, 401, 573, 397
233, 235, 220, 185, 640, 736, 737
234, 158, 125, 124, 404, 577, 400
235, 237, 235, 186, 738, 739, 740
236, 159, 126, 125, 407, 582, 403
237, 237, 186, 199, 740, 741, 742
238, 160, 127, 126, 743, 365, 406
239, 161,  96,  97, 516, 312, 744
240, 173,  97,  98, 745, 315, 746
241, 198, 129, 128, 747, 526, 748
242, 231, 188, 230, 655, 657, 749
243, 230, 189, 229, 659, 661, 750
244, 163, 131, 130, 421, 534, 418
245, 229, 190, 228, 663, 751, 752
246, 164, 132, 131, 424, 539, 420
247, 228, 191, 227, 753, 665, 754
248, 165, 133, 132, 542, 255, 423
249, 174, 166, 134, 755, 431, 756
250, 223, 222, 193, 757, 673, 675
251, 226, 223, 194, 758, 677, 759
252, 167, 136, 135, 435, 551, 432
253, 210, 194, 105, 760, 761, 762
254, 168, 137, 136, 680, 557, 434
255, 170,  93, 150, 509, 505, 717
256, 172,  95,  96, 763, 309, 515
257, 170,  86,  94, 718, 304, 512
258, 171,  94,  95, 513, 306, 764
259, 172, 171,  95, 765, 764, 763
260, 242, 170, 171, 766, 511, 767
261, 236, 208, 233, 768, 769, 770
262, 241, 208, 203, 520, 771, 772
263, 173, 161,  97, 773, 744, 745
264, 187, 173,  98, 774, 746, 775
265, 174, 134, 133, 756, 428, 541
266, 228, 190, 191, 751, 776, 753
267, 175, 139, 138, 687, 442, 777
268, 195, 175, 138, 778, 777, 779
269, 224, 176, 212, 780, 781, 782
270, 176, 117, 116, 604, 382, 339
271, 211, 148,  87, 783, 715, 784
272, 177, 118, 117, 785, 252, 603
273, 178, 153, 119, 612, 388, 724
274, 178, 118, 177, 725, 785, 608
275, 179,  87,  89, 786, 256, 787
276, 180, 179,  89, 788, 787, 789
277, 180,  89, 106, 789, 342, 790
278, 181, 180, 106, 791, 790, 792
279, 181, 106, 107, 792, 345, 793
280, 182, 181, 107, 794, 793, 795
281, 182, 107, 108, 795, 348, 796
282, 183, 182, 108, 797, 796, 798
283, 183, 108, 109, 798, 351, 799
284, 184, 183, 109, 800, 799, 801
285, 184, 109, 110, 801, 354, 802
286, 185, 184, 110, 803, 802, 804
287, 185, 110, 111, 804, 357, 805
288, 186, 185, 111, 806, 805, 807
289, 186, 111, 112, 807, 360, 808
290, 199, 186, 112, 741, 808, 809
291, 187,  98,  99, 775, 318, 810
292, 188, 187,  99, 654, 810, 811
293, 188,  99, 100, 811, 321, 812
294, 189, 188, 100, 658, 812, 813
295, 189, 100, 101, 813, 324, 814
296, 190, 189, 101, 662, 814, 815
297, 190, 101, 102, 815, 535, 816
298, 191, 190, 102, 776, 816, 817
299, 191, 102,  88, 817, 329, 818
300, 192, 191,  88, 666, 818, 819
301, 192,  88, 103, 819, 330, 820
302, 193, 192, 103, 672, 820, 821
303, 193, 103, 104, 821, 333, 822
304, 194, 193, 104, 676, 822, 823
305, 194, 104, 105, 823, 336, 761
306, 226, 210, 225, 824, 825, 596
307, 195, 138, 137, 779, 439, 679
308, 226, 168, 223, 826, 827, 758
309, 196, 152, 140, 600, 691, 828
310, 196, 140, 139, 828, 445, 686
311, 197,  90,  91, 829, 287, 830
312, 197,  91, 151, 830, 284, 291
313, 198, 162, 129, 831, 417, 747
314, 236, 128, 201, 832, 833, 834
315, 199, 112, 114, 809, 583, 586
316, 204, 114,  84, 587, 368, 593
317, 200, 146, 113, 835, 708, 709
318, 200, 127, 160, 710, 743, 476
319, 201, 128,  14, 833, 646, 647
320, 208, 143, 203, 836, 837, 771
321, 202, 142,  85, 281, 451, 244
322, 202,  90, 197, 246, 829, 703
323, 203, 143, 145, 837, 707, 838
324, 238, 203, 145, 706, 838, 839
325, 206,  84, 147, 594, 276, 712
326, 207, 204, 146, 840, 841, 842
327, 205,  79,  80, 456, 843, 459
328, 205,  15,  16, 461, 844, 457
329, 243,  83,  82, 269, 272, 845
330, 206, 146, 204, 846, 841, 592
331, 207, 146, 200, 842, 835, 643
332, 207, 199, 204, 847, 585, 840
333, 233, 208, 232, 769, 519, 848
334, 208, 201, 143, 849, 649, 836
335, 209, 162, 198, 850, 831, 522
336, 209, 173, 187, 413, 774, 651
337, 210, 105, 148, 762, 713, 851
338, 239, 225, 210, 852, 825, 853
339, 239, 224, 221, 854, 855, 856
340, 211,  87, 179, 784, 786, 553
341, 240, 239, 148, 857, 858, 859
342, 212, 176, 152, 781, 341, 599
343, 214, 213, 211, 860, 861, 552
344, 224, 177, 176, 862, 605, 780
345, 215, 214, 179, 616, 554, 863
346, 214, 178, 213, 613, 607, 860
347, 215, 154, 153, 619, 390, 615
348, 215, 179, 180, 863, 788, 726
349, 216, 155, 154, 623, 393, 618
350, 216, 180, 181, 727, 791, 728
351, 217, 156, 155, 627, 396, 622
352, 217, 181, 182, 729, 794, 730
353, 218, 157, 156, 631, 399, 626
354, 218, 182, 183, 731, 797, 732
355, 219, 158, 157, 635, 402, 630
356, 219, 183, 184, 733, 800, 734
357, 220, 159, 158, 639, 405, 634
358, 220, 184, 185, 735, 803, 736
359, 221, 196, 175, 684, 688, 722
360, 240, 224, 239, 864, 854, 857
361, 222, 167, 166, 865, 433, 866
362, 227, 222, 166, 670, 866, 867
363, 223, 168, 167, 827, 436, 868
364, 223, 167, 222, 868, 865, 757
365, 224, 213, 177, 869, 609, 862
366, 224, 212, 221, 782, 683, 855
367, 225, 175, 195, 723, 778, 597
368, 239, 210, 148, 853, 851, 858
369, 226, 195, 168, 598, 681, 826
370, 226, 194, 210, 759, 760, 824
371, 227, 166, 174, 867, 755, 870
372, 228, 227, 174, 754, 870, 871
373, 228, 174, 165, 871, 543, 872
374, 229, 228, 165, 752, 872, 873
375, 229, 165, 164, 873, 425, 874
376, 230, 229, 164, 750, 874, 875
377, 230, 164, 163, 875, 422, 876
378, 231, 230, 163, 749, 876, 877
379, 231, 163, 162, 877, 419, 878
380, 231, 162, 209, 878, 850, 650
381, 232, 171, 172, 879, 765, 880
382, 233, 232, 172, 848, 880, 881
383, 233, 172, 161, 881, 517, 882
384, 234, 233, 161, 883, 882, 884
385, 234, 161, 173, 884, 773, 412
386, 236, 198, 128, 411, 748, 832
387, 235, 160, 159, 885, 408, 638
388, 235, 185, 186, 737, 806, 739
389, 236, 201, 208, 834, 849, 768
390, 236, 233, 234, 770, 883, 409
391, 237, 160, 235, 477, 885, 738
392, 237, 199, 207, 742, 847, 642
393, 238, 145, 144, 839, 499, 886
394, 238, 144, 202, 886, 279, 702
395, 240, 148, 211, 859, 783, 887
396, 239, 221, 225, 856, 721, 852
397, 240, 211, 213, 887, 861, 888
398, 240, 213, 224, 888, 869, 864
399, 241, 203, 151, 772, 292, 719
400, 242, 241, 169, 504, 720, 889
401, 242, 169, 170, 889, 507, 766
402, 242, 171, 232, 767, 879, 502
403, 243,  82,  81, 845, 266, 273
404, 243, 146, 206, 275, 846, 267
