  1, 202,  85,  90
  2,  86,  24,  25
  3, 118,  50, 117
  4, 133,  65, 132
  5,  89,  87,  38
  6, 113,  12,  60
  7,  81,   6,   5
  8,  82,   6,  81
  9, 243, 206,  83
 10,  83,   8,  82
 11, 243,  81, 146
 12, 147,  84,  10
 13, 202, 144, 142
 14,  90,  85,  18
 15, 151,  91,  92
 16,  91,  90,  19
 17, 203, 197, 151
 18,  92,  91,  20
 19,  93,  92,  21
 20,  86,  23,  24
 21,  24,  23,   2
 22, 150,  23,  86
 23,  94,  86,  25
 24,  95,  94,  26
 25,  96,  95,  27
 26,  97,  96,  28
 27,  98,  97,  29
 28,  99,  98,  30
 29, 100,  99,  31
 30, 101, 100,  32
 31, 102,  34,  88
 32, 103,  88,  35
 33, 104, 103,  36
 34, 105, 104,  37
 35, 176, 116, 152
 36, 106,  89,  39
 37, 107, 106,  40
 38, 108, 107,  41
 39, 109, 108,  42
 40, 110, 109,  43
 41, 111, 110,  44
 42, 112, 111,  45
 43, 127,  59, 126
 44, 114,   4,  84
 45,  74,  47,  13
 46, 115,  47,  74
 47, 116,  48, 115
 48, 152, 115, 149
 49, 117,  49, 116
 50, 119,  51, 118
 51, 153, 120, 119
 52, 154, 120, 153
 53, 155, 121, 154
 54, 156, 122, 155
 55, 157, 123, 156
 56, 158, 124, 157
 57, 159, 125, 158
 58, 160, 126, 159
 59, 236, 234, 198
 60, 234, 173, 209
 61, 162, 130, 129
 62, 163, 130, 162
 63, 164, 131, 163
 64, 165, 132, 164
 65, 134,  66, 133
 66, 166, 135, 134
 67, 167, 135, 166
 68, 168, 136, 167
 69, 138,  70, 137
 70, 139,  71, 138
 71, 140,  72, 139
 72, 149,  74,  73
 73, 142, 141,  85
 74, 141,  78,  79
 75, 205, 141,  79
 76, 205,  16, 141
 77, 205,  80,  15
 78,  80,   1,  15
 79,  84,  11,  10
 80,  81,   5,  12
 81,  82,   8,   7
 82,  82,   7,   6
 83, 147,   9,  83
 84,  83,   9,   8
 85, 237, 200, 160
 86,  84,   4,  11
 87,  85,  17,  18
 88,  90,  18,  19
 89,  94,  25,  26
 90, 169, 151,  92
 91,  87,   3,  38
 92,  89,  38,  39
 93,  88,  34,  35
 94, 103,  35,  36
 95, 106,  39,  40
 96, 120,  52, 119
 97,  91,  19,  20
 98, 144,  77, 142
 99,  92,  20,  21
100, 145,  76, 144
101,  93,  21,  22
102, 242, 232, 241
103, 150,  93,  22
104, 170, 169,  93
105,  95,  26,  27
106, 171, 170,  94
107,  96,  27,  28
108, 172,  96, 161
109,  97,  28,  29
110, 241, 232, 208
111,  98,  29,  30
112, 234, 209, 198
113,  99,  30,  31
114, 129,  61, 128
115, 100,  31,  32
116, 130,  62, 129
117, 101,  32,  33
118, 131,  63, 130
119, 102, 101,  33
120, 132,  64, 131
121, 102,  33,  34
122, 174, 133, 165
123, 104,  36,  37
124, 135,  67, 134
125, 105,  37,   3
126, 136,  68, 135
127, 214, 211, 179
128, 137,  69, 136
129, 107,  40,  41
130, 121,  53, 120
131, 108,  41,  42
132, 122,  54, 121
133, 109,  42,  43
134, 123,  55, 122
135, 110,  43,  44
136, 124,  56, 123
137, 111,  44,  45
138, 125,  57, 124
139, 112,  45,  46
140, 126,  58, 125
141, 114, 112,  46
142, 204, 199, 114
143, 113,  81,  12
144, 127,  60,  59
145, 114,  46,   4
146, 206, 204,  84
147, 115,  48,  47
148, 226, 225, 195
149, 212, 152, 196
150, 116,  49,  48
151, 177, 117, 176
152, 117,  50,  49
153, 213, 178, 177
154, 118,  51,  50
155, 214, 153, 178
156, 119,  52,  51
157, 215, 153, 214
158, 120,  53,  52
159, 216, 154, 215
160, 121,  54,  53
161, 217, 155, 216
162, 122,  55,  54
163, 218, 156, 217
164, 123,  56,  55
165, 219, 157, 218
166, 124,  57,  56
167, 220, 158, 219
168, 125,  58,  57
169, 235, 159, 220
170, 126,  59,  58
171, 237, 207, 200
172, 127, 113,  60
173, 128,  61,  14
174, 201,  14, 143
175, 231, 209, 187
176, 129,  62,  61
177, 231, 187, 188
178, 130,  63,  62
179, 230, 188, 189
180, 131,  64,  63
181, 229, 189, 190
182, 132,  65,  64
183, 227, 191, 192
184, 133,  66,  65
185, 227, 192, 222
186, 134,  67,  66
187, 222, 192, 193
188, 135,  68,  67
189, 223, 193, 194
190, 136,  69,  68
191, 195, 137, 168
192, 137,  70,  69
193, 221, 212, 196
194, 138,  71,  70
195, 196, 139, 175
196, 139,  72,  71
197, 152, 149, 140
198, 140,  73,  72
199, 141,  16,  17
200, 141,  17,  85
201, 142,  77,  78
202, 142,  78, 141
203, 143,  14,  75
204, 145,  75,  76
205, 238, 202, 197
206, 144,  76,  77
207, 238, 197, 203
208, 145, 143,  75
209, 146,  81, 113
210, 200, 113, 127
211, 147,  10,   9
212, 206, 147,  83
213, 148, 105,   3
214, 148,   3,  87
215, 149, 115,  74
216, 149,  73, 140
217, 150,  22,  23
218, 170, 150,  86
219, 169,  92,  93
220, 241, 151, 169
221, 152, 116, 115
222, 225, 221, 175
223, 178, 119, 118
224, 216, 215, 180
225, 217, 216, 181
226, 154, 121, 120
227, 218, 217, 182
228, 155, 122, 121
229, 219, 218, 183
230, 156, 123, 122
231, 220, 219, 184
232, 157, 124, 123
233, 235, 220, 185
234, 158, 125, 124
235, 237, 235, 186
236, 159, 126, 125
237, 237, 186, 199
238, 160, 127, 126
239, 161,  96,  97
240, 173,  97,  98
241, 198, 129, 128
242, 231, 188, 230
243, 230, 189, 229
244, 163, 131, 130
245, 229, 190, 228
246, 164, 132, 131
247, 228, 191, 227
248, 165, 133, 132
249, 174, 166, 134
250, 223, 222, 193
251, 226, 223, 194
252, 167, 136, 135
253, 210, 194, 105
254, 168, 137, 136
255, 170,  93, 150
256, 172,  95,  96
257, 170,  86,  94
258, 171,  94,  95
259, 172, 171,  95
260, 242, 170, 171
261, 236, 208, 233
262, 241, 208, 203
263, 173, 161,  97
264, 187, 173,  98
265, 174, 134, 133
266, 228, 190, 191
267, 175, 139, 138
268, 195, 175, 138
269, 224, 176, 212
270, 176, 117, 116
271, 211, 148,  87
272, 177, 118, 117
273, 178, 153, 119
274, 178, 118, 177
275, 179,  87,  89
276, 180, 179,  89
277, 180,  89, 106
278, 181, 180, 106
279, 181, 106, 107
280, 182, 181, 107
281, 182, 107, 108
282, 183, 182, 108
283, 183, 108, 109
284, 184, 183, 109
285, 184, 109, 110
286, 185, 184, 110
287, 185, 110, 111
288, 186, 185, 111
289, 186, 111, 112
290, 199, 186, 112
291, 187,  98,  99
292, 188, 187,  99
293, 188,  99, 100
294, 189, 188, 100
295, 189, 100, 101
296, 190, 189, 101
297, 190, 101, 102
298, 191, 190, 102
299, 191, 102,  88
300, 192, 191,  88
301, 192,  88, 103
302, 193, 192, 103
303, 193, 103, 104
304, 194, 193, 104
305, 194, 104, 105
306, 226, 210, 225
307, 195, 138, 137
308, 226, 168, 223
309, 196, 152, 140
310, 196, 140, 139
311, 197,  90,  91
312, 197,  91, 151
313, 198, 162, 129
314, 236, 128, 201
315, 199, 112, 114
316, 204, 114,  84
317, 200, 146, 113
318, 200, 127, 160
319, 201, 128,  14
320, 208, 143, 203
321, 202, 142,  85
322, 202,  90, 197
323, 203, 143, 145
324, 238, 203, 145
325, 206,  84, 147
326, 207, 204, 146
327, 205,  79,  80
328, 205,  15,  16
329, 243,  83,  82
330, 206, 146, 204
331, 207, 146, 200
332, 207, 199, 204
333, 233, 208, 232
334, 208, 201, 143
335, 209, 162, 198
336, 209, 173, 187
337, 210, 105, 148
338, 239, 225, 210
339, 239, 224, 221
340, 211,  87, 179
341, 240, 239, 148
342, 212, 176, 152
343, 214, 213, 211
344, 224, 177, 176
345, 215, 214, 179
346, 214, 178, 213
347, 215, 154, 153
348, 215, 179, 180
349, 216, 155, 154
350, 216, 180, 181
351, 217, 156, 155
352, 217, 181, 182
353, 218, 157, 156
354, 218, 182, 183
355, 219, 158, 157
356, 219, 183, 184
357, 220, 159, 158
358, 220, 184, 185
359, 221, 196, 175
360, 240, 224, 239
361, 222, 167, 166
362, 227, 222, 166
363, 223, 168, 167
364, 223, 167, 222
365, 224, 213, 177
366, 224, 212, 221
367, 225, 175, 195
368, 239, 210, 148
369, 226, 195, 168
370, 226, 194, 210
371, 227, 166, 174
372, 228, 227, 174
373, 228, 174, 165
374, 229, 228, 165
375, 229, 165, 164
376, 230, 229, 164
377, 230, 164, 163
378, 231, 230, 163
379, 231, 163, 162
380, 231, 162, 209
381, 232, 171, 172
382, 233, 232, 172
383, 233, 172, 161
384, 234, 233, 161
385, 234, 161, 173
386, 236, 198, 128
387, 235, 160, 159
388, 235, 185, 186
389, 236, 201, 208
390, 236, 233, 234
391, 237, 160, 235
392, 237, 199, 207
393, 238, 145, 144
394, 238, 144, 202
395, 240, 148, 211
396, 239, 221, 225
397, 240, 211, 213
398, 240, 213, 224
399, 241, 203, 151
400, 242, 241, 169
401, 242, 169, 170
402, 242, 171, 232
403, 243,  82,  81
404, 243, 146, 206
