  1, 149, 128, 151, 241, 408, 387, 410, 500
  2,  71, 131, 130,  70, 330, 390, 389, 329
  3,  31,  30,  85,  86, 290, 289, 344, 345
  4,  43,  42, 105, 106, 302, 301, 364, 365
  5, 213, 234, 148, 235, 472, 493, 407, 494
  6, 118,  81,   6,   5, 377, 340, 265, 264
  7, 242,   8,   7,  82, 501, 267, 266, 341
  8,   6,  81,  82,   7, 265, 340, 341, 266
  9,  83, 203, 147, 253, 342, 462, 406, 512
 10, 203,  83, 242,  82, 462, 342, 501, 341
 11, 242,  83,  84, 243, 501, 342, 343, 502
 12, 146, 245, 248,  84, 405, 504, 507, 343
 13, 144,  29,   1,  15, 403, 288, 260, 274
 14, 141,  88, 144, 240, 400, 347, 403, 499
 15,  16,  17,  89, 240, 275, 276, 348, 499
 16,  17,  18,  90,  89, 276, 277, 349, 348
 17,  18,  19,  91,  90, 277, 278, 350, 349
 18,  92,  91,  19,  20, 351, 350, 278, 279
 19,  20,  21,  93,  92, 279, 280, 352, 351
 20, 187, 130, 131, 165, 446, 389, 390, 424
 21,  26, 143, 145,  25, 285, 402, 404, 284
 22, 240,  89, 247, 141, 499, 348, 506, 400
 23,  28,  88, 141,  27, 287, 347, 400, 286
 24,  88,  28,  29, 144, 347, 287, 288, 403
 25,  32,  31,  86,  94, 291, 290, 345, 353
 26,  33,  32,  94,  95, 292, 291, 353, 354
 27,  34,  33,  95,  96, 293, 292, 354, 355
 28,  35,  34,  96,  97, 294, 293, 355, 356
 29,  36,  35,  97,  98, 295, 294, 356, 357
 30,  37,  36,  98,  99, 296, 295, 357, 358
 31,  38,  37,  99, 100, 297, 296, 358, 359
 32, 175, 154, 103, 102, 434, 413, 362, 361
 33,  40,  39, 102, 103, 299, 298, 361, 362
 34,  41,  40, 103, 104, 300, 299, 362, 363
 35, 218, 196, 233, 217, 477, 455, 492, 476
 36,  42,  41, 104, 105, 301, 300, 363, 364
 37,   4,  43, 106,  44, 263, 302, 365, 303
 38, 177, 107,  47,  46, 436, 366, 306, 305
 39, 176, 236, 250, 206, 435, 495, 509, 465
 40, 107, 177, 250, 207, 366, 436, 509, 466
 41,  48,  47, 107, 108, 307, 306, 366, 367
 42,  50,  49, 109,  87, 309, 308, 368, 346
 43,  51,  50,  87, 110, 310, 309, 346, 369
 44,  52,  51, 110, 111, 311, 310, 369, 370
 45,  53,  52, 111, 112, 312, 311, 370, 371
 46,  54,  53, 112, 113, 313, 312, 371, 372
 47,  55,  54, 113, 114, 314, 313, 372, 373
 48,  56,  55, 114, 115, 315, 314, 373, 374
 49,  57,  56, 115, 116, 316, 315, 374, 375
 50,  65, 126, 125,  64, 324, 385, 384, 323
 51, 205, 249, 214, 208, 464, 508, 473, 467
 52,  59, 120, 119,  58, 318, 379, 378, 317
 53, 249, 156, 209, 214, 508, 415, 468, 473
 54, 121, 157, 156, 120, 380, 416, 415, 379
 55, 122, 158, 157, 121, 381, 417, 416, 380
 56, 123, 159, 158, 122, 382, 418, 417, 381
 57, 124, 160, 159, 123, 383, 419, 418, 382
 58, 125, 161, 160, 124, 384, 420, 419, 383
 59, 185, 126, 127, 162, 444, 385, 386, 421
 60,  67, 149,  23,   2, 326, 408, 282, 261
 61,  68, 128, 149,  67, 327, 387, 408, 326
 62, 128, 129, 163, 151, 387, 388, 422, 410
 63,  91, 164, 152,  90, 350, 423, 411, 349
 64,  70, 130, 129,  69, 329, 389, 388, 328
 65,  72, 132, 131,  71, 331, 391, 390, 330
 66, 166, 165, 131, 132, 425, 424, 390, 391
 67, 166, 132, 133, 167, 425, 391, 392, 426
 68, 133, 134, 168, 167, 392, 393, 427, 426
 69, 134, 135, 169, 168, 393, 394, 428, 427
 70, 135, 136, 170, 169, 394, 395, 429, 428
 71, 136, 137, 171, 170, 395, 396, 430, 429
 72, 219, 172, 196, 218, 478, 431, 455, 477
 73,  10, 244, 248,  11, 269, 503, 507, 270
 74,  12, 245, 117,  13, 271, 504, 376, 272
 75, 127,  66,  13, 117, 386, 325, 272, 376
 76, 200,  85,  30,   3, 459, 344, 289, 262
 77,  73, 133, 132,  72, 332, 392, 391, 331
 78,  26,  27, 141, 143, 285, 286, 400, 402
 79,  25, 145, 142,  24, 284, 404, 401, 283
 80,  91,  92, 173, 164, 350, 351, 432, 423
 81,  69, 129, 128,  68, 328, 388, 387, 327
 82, 142, 145, 239, 201, 401, 404, 498, 460
 83, 241,  93,  21,  22, 500, 352, 280, 281
 84,  74, 134, 133,  73, 333, 393, 392, 332
 85,  75, 135, 134,  74, 334, 394, 393, 333
 86,  76, 136, 135,  75, 335, 395, 394, 334
 87,  77, 137, 136,  76, 336, 396, 395, 335
 88,  78, 138, 137,  77, 337, 397, 396, 336
 89,  79, 139, 138,  78, 338, 398, 397, 337
 90, 100, 102,  39,  38, 359, 361, 298, 297
 91, 140,  80,  14, 101, 399, 339, 273, 360
 92, 139,  79,  80, 140, 398, 338, 339, 399
 93, 176, 154, 216, 251, 435, 413, 475, 510
 94, 250, 236, 237, 207, 509, 495, 496, 466
 95, 108, 107, 207, 155, 367, 366, 466, 414
 96, 106, 238,  45,  44, 365, 497, 304, 303
 97, 235, 148, 246, 205, 494, 407, 505, 464
 98,  49,  48, 108, 109, 308, 307, 367, 368
 99,  87, 109, 178, 150, 346, 368, 437, 409
100, 150, 209, 210, 179, 409, 468, 469, 438
101,  60, 121, 120,  59, 319, 380, 379, 318
102,  61, 122, 121,  60, 320, 381, 380, 319
103,  62, 123, 122,  61, 321, 382, 381, 320
104,  63, 124, 123,  62, 322, 383, 382, 321
105,  64, 125, 124,  63, 323, 384, 383, 322
106,  81, 118, 198, 147, 340, 377, 457, 406
107,   5,  57, 116, 118, 264, 316, 375, 377
108, 162, 127, 117, 199, 421, 386, 376, 458
109, 199, 117, 245, 146, 458, 376, 504, 405
110, 126,  65,  66, 127, 385, 324, 325, 386
111, 199, 254, 231, 162, 458, 513, 490, 421
112, 246,  14,  58, 119, 505, 273, 317, 378
113, 246, 148, 101,  14, 505, 407, 360, 273
114, 156, 157, 210, 209, 415, 416, 469, 468
115, 157, 158, 211, 210, 416, 417, 470, 469
116, 158, 159, 212, 211, 417, 418, 471, 470
117, 215, 259, 183, 182, 474, 518, 442, 441
118, 186, 184, 230, 231, 445, 443, 489, 490
119, 126, 185, 161, 125, 385, 444, 420, 384
120, 116, 115, 184, 186, 375, 374, 443, 445
121, 129, 130, 187, 163, 388, 389, 446, 422
122, 197,  85, 200, 202, 456, 344, 459, 461
123, 197, 228, 204, 188, 456, 487, 463, 447
124, 168, 226, 204, 167, 427, 485, 463, 426
125, 169, 224, 226, 168, 428, 483, 485, 427
126, 170, 222, 224, 169, 429, 481, 483, 428
127, 171, 221, 222, 170, 430, 480, 481, 429
128, 195, 193, 220, 219, 454, 452, 479, 478
129, 137, 138, 194, 171, 396, 397, 453, 430
130,  99, 195, 153, 100, 358, 454, 412, 359
131, 196, 172, 139, 140, 455, 431, 398, 399
132, 200,   3,  24, 142, 459, 262, 283, 401
133, 201, 239, 152, 164, 460, 498, 411, 423
134, 240, 144,  15,  16, 499, 403, 274, 275
135, 227, 255, 256, 223, 486, 514, 515, 482
136, 239, 145, 143, 152, 498, 404, 402, 411
137, 147, 203,  82,  81, 406, 462, 341, 340
138, 146,  84,  83, 253, 405, 343, 342, 512
139, 217, 233, 234, 216, 476, 492, 493, 475
140, 216, 234, 213, 251, 475, 493, 472, 510
141, 149, 241,  22,  23, 408, 500, 281, 282
142, 150, 179, 110,  87, 409, 438, 369, 346
143,  92,  93, 174, 173, 351, 352, 433, 432
144, 141, 247, 152, 143, 400, 506, 411, 402
145, 247,  89,  90, 152, 506, 348, 349, 411
146, 175, 102, 100, 153, 434, 361, 359, 412
147, 176, 104, 103, 154, 435, 363, 362, 413
148, 206, 105, 104, 176, 465, 364, 363, 435
149, 109, 108, 155, 178, 368, 367, 414, 437
150, 249, 119, 120, 156, 508, 378, 379, 415
151, 249, 205, 246, 119, 508, 464, 505, 378
152, 111, 110, 179, 180, 370, 369, 438, 439
153, 112, 111, 180, 181, 371, 370, 439, 440
154, 113, 112, 181, 182, 372, 371, 440, 441
155, 114, 113, 182, 183, 373, 372, 441, 442
156, 115, 114, 183, 184, 374, 373, 442, 443
157, 231, 254, 198, 186, 490, 513, 457, 445
158, 202, 200, 232, 252, 461, 459, 491, 511
159, 232, 201, 257, 229, 491, 460, 516, 488
160,  85, 197, 188,  86, 344, 456, 447, 345
161, 189, 188, 204, 226, 448, 447, 463, 485
162,  86, 188, 189,  94, 345, 447, 448, 353
163,  94, 189, 190,  95, 353, 448, 449, 354
164,  95, 190, 191,  96, 354, 449, 450, 355
165,  96, 191, 192,  97, 355, 450, 451, 356
166,  97, 192, 193,  98, 356, 451, 452, 357
167, 138, 139, 172, 194, 397, 398, 431, 453
168, 153, 195, 219, 218, 412, 454, 478, 477
169, 163, 225, 174, 151, 422, 484, 433, 410
170,  93, 241, 151, 174, 352, 500, 410, 433
171, 238, 106, 105, 206, 497, 365, 364, 465
172, 250, 177, 238, 206, 509, 436, 497, 465
173, 238, 177,  46,  45, 497, 436, 305, 304
174, 178, 214, 209, 150, 437, 473, 468, 409
175, 211, 180, 179, 210, 470, 439, 438, 469
176, 212, 181, 180, 211, 471, 440, 439, 470
177, 182, 181, 212, 215, 441, 440, 471, 474
178, 184, 183, 259, 230, 443, 442, 518, 489
179, 162, 231, 230, 185, 421, 490, 489, 444
180, 259, 161, 185, 230, 518, 420, 444, 489
181, 118, 116, 186, 198, 377, 375, 445, 457
182, 225, 258, 173, 174, 484, 517, 432, 433
183, 258, 225, 223, 256, 517, 484, 482, 515
184, 190, 189, 226, 224, 449, 448, 485, 483
185, 191, 190, 224, 222, 450, 449, 483, 481
186, 192, 191, 222, 221, 451, 450, 481, 480
187, 195,  99,  98, 193, 454, 358, 357, 452
188, 193, 192, 221, 220, 452, 451, 480, 479
189, 172, 219, 220, 194, 431, 478, 479, 453
190, 221, 171, 194, 220, 480, 430, 453, 479
191, 218, 217, 175, 153, 477, 476, 434, 412
192, 233, 196, 140, 101, 492, 455, 399, 360
193, 166, 228, 227, 165, 425, 487, 486, 424
194, 201, 232, 200, 142, 460, 491, 459, 401
195, 254, 253, 147, 198, 513, 512, 406, 457
196, 254, 199, 146, 253, 513, 458, 405, 512
197, 227, 228, 197, 202, 486, 487, 456, 461
198, 223, 187, 165, 227, 482, 446, 424, 486
199, 228, 166, 167, 204, 487, 425, 426, 463
200, 235, 205, 208, 237, 494, 464, 467, 496
201, 214, 178, 155, 208, 473, 437, 414, 467
202, 215, 212, 159, 160, 474, 471, 418, 419
203, 176, 251, 213, 236, 435, 510, 472, 495
204, 259, 215, 160, 161, 518, 474, 419, 420
205, 217, 216, 154, 175, 476, 475, 413, 434
206, 225, 163, 187, 223, 484, 422, 446, 482
207, 257, 173, 258, 229, 516, 432, 517, 488
208, 201, 164, 173, 257, 460, 423, 432, 516
209, 234, 233, 101, 148, 493, 492, 360, 407
210, 235, 237, 236, 213, 494, 496, 495, 472
211, 208, 155, 207, 237, 467, 414, 466, 496
212, 243,   9,   8, 242, 502, 268, 267, 501
213, 243, 244,  10,   9, 502, 503, 269, 268
214, 248, 244, 243,  84, 507, 503, 502, 343
215, 248, 245,  12,  11, 507, 504, 271, 270
216, 227, 202, 252, 255, 486, 461, 511, 514
217, 256, 255, 229, 258, 515, 514, 488, 517
218, 252, 232, 229, 255, 511, 491, 488, 514
219, 408, 387, 410, 500, 667, 646, 669, 759
220, 330, 390, 389, 329, 589, 649, 648, 588
221, 290, 289, 344, 345, 549, 548, 603, 604
222, 302, 301, 364, 365, 561, 560, 623, 624
223, 472, 493, 407, 494, 731, 752, 666, 753
224, 377, 340, 265, 264, 636, 599, 524, 523
225, 501, 267, 266, 341, 760, 526, 525, 600
226, 265, 340, 341, 266, 524, 599, 600, 525
227, 342, 462, 406, 512, 601, 721, 665, 771
228, 462, 342, 501, 341, 721, 601, 760, 600
229, 501, 342, 343, 502, 760, 601, 602, 761
230, 405, 504, 507, 343, 664, 763, 766, 602
231, 403, 288, 260, 274, 662, 547, 519, 533
232, 400, 347, 403, 499, 659, 606, 662, 758
233, 275, 276, 348, 499, 534, 535, 607, 758
234, 276, 277, 349, 348, 535, 536, 608, 607
235, 277, 278, 350, 349, 536, 537, 609, 608
236, 351, 350, 278, 279, 610, 609, 537, 538
237, 279, 280, 352, 351, 538, 539, 611, 610
238, 446, 389, 390, 424, 705, 648, 649, 683
239, 285, 402, 404, 284, 544, 661, 663, 543
240, 499, 348, 506, 400, 758, 607, 765, 659
241, 287, 347, 400, 286, 546, 606, 659, 545
242, 347, 287, 288, 403, 606, 546, 547, 662
243, 291, 290, 345, 353, 550, 549, 604, 612
244, 292, 291, 353, 354, 551, 550, 612, 613
245, 293, 292, 354, 355, 552, 551, 613, 614
246, 294, 293, 355, 356, 553, 552, 614, 615
247, 295, 294, 356, 357, 554, 553, 615, 616
248, 296, 295, 357, 358, 555, 554, 616, 617
249, 297, 296, 358, 359, 556, 555, 617, 618
250, 434, 413, 362, 361, 693, 672, 621, 620
251, 299, 298, 361, 362, 558, 557, 620, 621
252, 300, 299, 362, 363, 559, 558, 621, 622
253, 477, 455, 492, 476, 736, 714, 751, 735
254, 301, 300, 363, 364, 560, 559, 622, 623
255, 263, 302, 365, 303, 522, 561, 624, 562
256, 436, 366, 306, 305, 695, 625, 565, 564
257, 435, 495, 509, 465, 694, 754, 768, 724
258, 366, 436, 509, 466, 625, 695, 768, 725
259, 307, 306, 366, 367, 566, 565, 625, 626
260, 309, 308, 368, 346, 568, 567, 627, 605
261, 310, 309, 346, 369, 569, 568, 605, 628
262, 311, 310, 369, 370, 570, 569, 628, 629
263, 312, 311, 370, 371, 571, 570, 629, 630
264, 313, 312, 371, 372, 572, 571, 630, 631
265, 314, 313, 372, 373, 573, 572, 631, 632
266, 315, 314, 373, 374, 574, 573, 632, 633
267, 316, 315, 374, 375, 575, 574, 633, 634
268, 324, 385, 384, 323, 583, 644, 643, 582
269, 464, 508, 473, 467, 723, 767, 732, 726
270, 318, 379, 378, 317, 577, 638, 637, 576
271, 508, 415, 468, 473, 767, 674, 727, 732
272, 380, 416, 415, 379, 639, 675, 674, 638
273, 381, 417, 416, 380, 640, 676, 675, 639
274, 382, 418, 417, 381, 641, 677, 676, 640
275, 383, 419, 418, 382, 642, 678, 677, 641
276, 384, 420, 419, 383, 643, 679, 678, 642
277, 444, 385, 386, 421, 703, 644, 645, 680
278, 326, 408, 282, 261, 585, 667, 541, 520
279, 327, 387, 408, 326, 586, 646, 667, 585
280, 387, 388, 422, 410, 646, 647, 681, 669
281, 350, 423, 411, 349, 609, 682, 670, 608
282, 329, 389, 388, 328, 588, 648, 647, 587
283, 331, 391, 390, 330, 590, 650, 649, 589
284, 425, 424, 390, 391, 684, 683, 649, 650
285, 425, 391, 392, 426, 684, 650, 651, 685
286, 392, 393, 427, 426, 651, 652, 686, 685
287, 393, 394, 428, 427, 652, 653, 687, 686
288, 394, 395, 429, 428, 653, 654, 688, 687
289, 395, 396, 430, 429, 654, 655, 689, 688
290, 478, 431, 455, 477, 737, 690, 714, 736
291, 269, 503, 507, 270, 528, 762, 766, 529
292, 271, 504, 376, 272, 530, 763, 635, 531
293, 386, 325, 272, 376, 645, 584, 531, 635
294, 459, 344, 289, 262, 718, 603, 548, 521
295, 332, 392, 391, 331, 591, 651, 650, 590
296, 285, 286, 400, 402, 544, 545, 659, 661
297, 284, 404, 401, 283, 543, 663, 660, 542
298, 350, 351, 432, 423, 609, 610, 691, 682
299, 328, 388, 387, 327, 587, 647, 646, 586
300, 401, 404, 498, 460, 660, 663, 757, 719
301, 500, 352, 280, 281, 759, 611, 539, 540
302, 333, 393, 392, 332, 592, 652, 651, 591
303, 334, 394, 393, 333, 593, 653, 652, 592
304, 335, 395, 394, 334, 594, 654, 653, 593
305, 336, 396, 395, 335, 595, 655, 654, 594
306, 337, 397, 396, 336, 596, 656, 655, 595
307, 338, 398, 397, 337, 597, 657, 656, 596
308, 359, 361, 298, 297, 618, 620, 557, 556
309, 399, 339, 273, 360, 658, 598, 532, 619
310, 398, 338, 339, 399, 657, 597, 598, 658
311, 435, 413, 475, 510, 694, 672, 734, 769
312, 509, 495, 496, 466, 768, 754, 755, 725
313, 367, 366, 466, 414, 626, 625, 725, 673
314, 365, 497, 304, 303, 624, 756, 563, 562
315, 494, 407, 505, 464, 753, 666, 764, 723
316, 308, 307, 367, 368, 567, 566, 626, 627
317, 346, 368, 437, 409, 605, 627, 696, 668
318, 409, 468, 469, 438, 668, 727, 728, 697
319, 319, 380, 379, 318, 578, 639, 638, 577
320, 320, 381, 380, 319, 579, 640, 639, 578
321, 321, 382, 381, 320, 580, 641, 640, 579
322, 322, 383, 382, 321, 581, 642, 641, 580
323, 323, 384, 383, 322, 582, 643, 642, 581
324, 340, 377, 457, 406, 599, 636, 716, 665
325, 264, 316, 375, 377, 523, 575, 634, 636
326, 421, 386, 376, 458, 680, 645, 635, 717
327, 458, 376, 504, 405, 717, 635, 763, 664
328, 385, 324, 325, 386, 644, 583, 584, 645
329, 458, 513, 490, 421, 717, 772, 749, 680
330, 505, 273, 317, 378, 764, 532, 576, 637
331, 505, 407, 360, 273, 764, 666, 619, 532
332, 415, 416, 469, 468, 674, 675, 728, 727
333, 416, 417, 470, 469, 675, 676, 729, 728
334, 417, 418, 471, 470, 676, 677, 730, 729
335, 474, 518, 442, 441, 733, 777, 701, 700
336, 445, 443, 489, 490, 704, 702, 748, 749
337, 385, 444, 420, 384, 644, 703, 679, 643
338, 375, 374, 443, 445, 634, 633, 702, 704
339, 388, 389, 446, 422, 647, 648, 705, 681
340, 456, 344, 459, 461, 715, 603, 718, 720
341, 456, 487, 463, 447, 715, 746, 722, 706
342, 427, 485, 463, 426, 686, 744, 722, 685
343, 428, 483, 485, 427, 687, 742, 744, 686
344, 429, 481, 483, 428, 688, 740, 742, 687
345, 430, 480, 481, 429, 689, 739, 740, 688
346, 454, 452, 479, 478, 713, 711, 738, 737
347, 396, 397, 453, 430, 655, 656, 712, 689
348, 358, 454, 412, 359, 617, 713, 671, 618
349, 455, 431, 398, 399, 714, 690, 657, 658
350, 459, 262, 283, 401, 718, 521, 542, 660
351, 460, 498, 411, 423, 719, 757, 670, 682
352, 499, 403, 274, 275, 758, 662, 533, 534
353, 486, 514, 515, 482, 745, 773, 774, 741
354, 498, 404, 402, 411, 757, 663, 661, 670
355, 406, 462, 341, 340, 665, 721, 600, 599
356, 405, 343, 342, 512, 664, 602, 601, 771
357, 476, 492, 493, 475, 735, 751, 752, 734
358, 475, 493, 472, 510, 734, 752, 731, 769
359, 408, 500, 281, 282, 667, 759, 540, 541
360, 409, 438, 369, 346, 668, 697, 628, 605
361, 351, 352, 433, 432, 610, 611, 692, 691
362, 400, 506, 411, 402, 659, 765, 670, 661
363, 506, 348, 349, 411, 765, 607, 608, 670
364, 434, 361, 359, 412, 693, 620, 618, 671
365, 435, 363, 362, 413, 694, 622, 621, 672
366, 465, 364, 363, 435, 724, 623, 622, 694
367, 368, 367, 414, 437, 627, 626, 673, 696
368, 508, 378, 379, 415, 767, 637, 638, 674
369, 508, 464, 505, 378, 767, 723, 764, 637
370, 370, 369, 438, 439, 629, 628, 697, 698
371, 371, 370, 439, 440, 630, 629, 698, 699
372, 372, 371, 440, 441, 631, 630, 699, 700
373, 373, 372, 441, 442, 632, 631, 700, 701
374, 374, 373, 442, 443, 633, 632, 701, 702
375, 490, 513, 457, 445, 749, 772, 716, 704
376, 461, 459, 491, 511, 720, 718, 750, 770
377, 491, 460, 516, 488, 750, 719, 775, 747
378, 344, 456, 447, 345, 603, 715, 706, 604
379, 448, 447, 463, 485, 707, 706, 722, 744
380, 345, 447, 448, 353, 604, 706, 707, 612
381, 353, 448, 449, 354, 612, 707, 708, 613
382, 354, 449, 450, 355, 613, 708, 709, 614
383, 355, 450, 451, 356, 614, 709, 710, 615
384, 356, 451, 452, 357, 615, 710, 711, 616
385, 397, 398, 431, 453, 656, 657, 690, 712
386, 412, 454, 478, 477, 671, 713, 737, 736
387, 422, 484, 433, 410, 681, 743, 692, 669
388, 352, 500, 410, 433, 611, 759, 669, 692
389, 497, 365, 364, 465, 756, 624, 623, 724
390, 509, 436, 497, 465, 768, 695, 756, 724
391, 497, 436, 305, 304, 756, 695, 564, 563
392, 437, 473, 468, 409, 696, 732, 727, 668
393, 470, 439, 438, 469, 729, 698, 697, 728
394, 471, 440, 439, 470, 730, 699, 698, 729
395, 441, 440, 471, 474, 700, 699, 730, 733
396, 443, 442, 518, 489, 702, 701, 777, 748
397, 421, 490, 489, 444, 680, 749, 748, 703
398, 518, 420, 444, 489, 777, 679, 703, 748
399, 377, 375, 445, 457, 636, 634, 704, 716
400, 484, 517, 432, 433, 743, 776, 691, 692
401, 517, 484, 482, 515, 776, 743, 741, 774
402, 449, 448, 485, 483, 708, 707, 744, 742
403, 450, 449, 483, 481, 709, 708, 742, 740
404, 451, 450, 481, 480, 710, 709, 740, 739
405, 454, 358, 357, 452, 713, 617, 616, 711
406, 452, 451, 480, 479, 711, 710, 739, 738
407, 431, 478, 479, 453, 690, 737, 738, 712
408, 480, 430, 453, 479, 739, 689, 712, 738
409, 477, 476, 434, 412, 736, 735, 693, 671
410, 492, 455, 399, 360, 751, 714, 658, 619
411, 425, 487, 486, 424, 684, 746, 745, 683
412, 460, 491, 459, 401, 719, 750, 718, 660
413, 513, 512, 406, 457, 772, 771, 665, 716
414, 513, 458, 405, 512, 772, 717, 664, 771
415, 486, 487, 456, 461, 745, 746, 715, 720
416, 482, 446, 424, 486, 741, 705, 683, 745
417, 487, 425, 426, 463, 746, 684, 685, 722
418, 494, 464, 467, 496, 753, 723, 726, 755
419, 473, 437, 414, 467, 732, 696, 673, 726
420, 474, 471, 418, 419, 733, 730, 677, 678
421, 435, 510, 472, 495, 694, 769, 731, 754
422, 518, 474, 419, 420, 777, 733, 678, 679
423, 476, 475, 413, 434, 735, 734, 672, 693
424, 484, 422, 446, 482, 743, 681, 705, 741
425, 516, 432, 517, 488, 775, 691, 776, 747
426, 460, 423, 432, 516, 719, 682, 691, 775
427, 493, 492, 360, 407, 752, 751, 619, 666
428, 494, 496, 495, 472, 753, 755, 754, 731
429, 467, 414, 466, 496, 726, 673, 725, 755
430, 502, 268, 267, 501, 761, 527, 526, 760
431, 502, 503, 269, 268, 761, 762, 528, 527
432, 507, 503, 502, 343, 766, 762, 761, 602
433, 507, 504, 271, 270, 766, 763, 530, 529
434, 486, 461, 511, 514, 745, 720, 770, 773
435, 515, 514, 488, 517, 774, 773, 747, 776
436, 511, 491, 488, 514, 770, 750, 747, 773