   1, 569, 346, 570, 571
   2, 569, 570, 521, 571
   3, 569, 572, 354, 571
   4, 569, 573, 574, 549
   5, 569, 573, 549, 548
   6, 569, 571, 521, 535
   7, 575, 576, 564, 237
   8, 575, 565, 121, 564
   9, 575, 238, 577, 578
  10, 575, 157, 577, 565
  11, 575, 576, 430, 564
  12, 575, 565, 158, 157
  13, 579, 580, 461, 378
  14, 575, 564, 430, 158
  15, 581, 463,  28,  27
  16, 581, 376, 263, 285
  17, 463, 582, 180, 581
  18, 581, 583, 463, 582
  19, 581, 263,  30, 285
  20, 584, 276, 223, 108
  21, 180, 263,  30, 581
  22, 581, 583, 582, 263
  23, 585, 279, 277, 338
  24, 241, 579, 586, 587
  25, 579, 580, 125, 220
  26, 140, 587, 410, 579
  27, 579, 409, 140, 139
  28, 579, 587, 410, 586
  29, 579, 580, 588, 461
  30, 579, 409, 139, 461
  31, 589, 572, 353, 574
  32, 589, 572, 574, 522
  33, 589, 590, 292, 314
  34, 589, 522, 591, 489
  35, 589, 292, 592, 593
  36, 589, 489, 592, 590
  37, 435, 594, 188, 189
  38, 595, 566, 122, 577
  39, 122, 596, 566, 595
  40, 577, 566, 122, 565
  41, 577, 156, 433, 566
  42, 577, 566, 157, 156
  43, 444, 594, 188, 435
  44, 577, 433, 595, 566
  45, 577, 595, 433, 432
  46, 575, 431, 577, 157
  47, 588, 123, 596, 567
  48, 575, 577, 431, 578
  49, 597, 371, 598, 599
  50, 597, 517, 598, 600
  51, 588, 123, 567, 124
  52, 597, 599, 362, 371
  53, 597, 599, 517, 539
  54, 597, 601, 362, 599
  55, 597, 539, 601, 599
  56, 602, 127, 587, 380
  57, 602, 243, 590, 242
  58, 602, 411, 412, 142
  59, 602, 587, 241, 603
  60, 602, 412, 590, 381
  61, 602, 411, 142, 141
  62, 603, 587, 410, 602
  63, 141, 602, 410, 380
  64, 604, 276, 107, 278
  65, 605, 106, 279, 278
  66, 211, 106, 279, 605
  67, 211, 604, 605, 102
  68, 604, 101, 437, 102
  69, 605, 585, 211, 102
  70, 606, 225, 289, 288
  71, 607, 216,  73,  72
  72, 608, 609, 393, 610
  73, 607, 608, 611, 610
  74, 609, 607, 216, 610
  75, 610, 609, 280, 216
  76, 612, 456,  26,  25
  77, 612, 455, 456,  25
  78, 612,  33, 265, 266
  79, 612, 266, 613, 178
  80, 612, 582, 457, 614
  81, 612,  32, 265,  33
  82, 614, 582, 264, 612
  83,  32, 612, 582, 179
  84, 584, 107, 276, 108
  85, 584, 107, 604, 276
  86, 436, 584, 594, 100
  87, 594, 100, 435, 436
  88, 604, 615, 276, 278
  89, 604, 278, 107, 106
  90, 584, 100, 436, 101
  91, 604, 584, 615, 436
  92, 604, 436, 615, 437
  93, 604, 584, 101, 210
  94, 616, 395,   7, 401
  95, 241, 602, 242, 127
  96, 616, 401, 617, 618
  97, 616, 213,  78, 191
  98, 616, 213,  10,  78
  99, 616, 617, 253, 618
 100, 616,  10, 253,  79
 101, 616, 213, 619, 620
 102, 621, 366, 327, 364
 103, 622, 400,  80,   8
 104, 609, 607, 608, 622
 105, 622, 608,  70, 197
 106, 607, 622, 609, 217
 107, 622,  70, 393,   8
 108, 393, 622, 608,  70
 109, 555, 104, 111, 218
 110, 552, 393, 400, 609
 111, 487, 623, 410, 603
 112, 313, 603, 241, 623
 113, 577, 122, 239, 121
 114, 603, 241, 623, 587
 115, 587, 623, 410, 586
 116, 102, 585, 211, 103
 117, 605, 279, 377, 278
 118, 220, 241, 579, 586
 119, 127, 587, 241, 602
 120, 410, 602, 411, 603
 121, 602, 587, 410, 380
 122, 598, 368, 624, 338
 123, 126, 379, 241, 127
 124, 379, 241, 127, 587
 125, 625, 626, 215, 627
 126, 625,  75, 215, 214
 127, 625, 626, 627, 460
 128, 625, 194,  75,  76
 129, 625, 193, 626, 460
 130, 625,  76, 214, 193
 131, 628, 511, 629, 583
 132, 628, 630, 511, 551
 133, 628, 614, 631, 474
 134, 632, 504, 633, 634
 135, 632, 428, 633, 504
 136, 563, 429, 160, 562
 137, 580, 461, 378, 153
 138, 562, 429, 160, 428
 139, 632, 635, 429, 634
 140, 632, 635, 235, 563
 141, 632, 429, 635, 563
 142, 610, 611, 394, 608
 143, 627, 610, 611, 394
 144, 611, 608, 196, 394
 145, 607,  71, 622, 217
 146, 217,  71,  72, 607
 147, 607, 216, 610, 611
 148, 608, 393,  70,  69
 149, 610, 607, 608, 609
 150, 584, 209, 210, 108
 151, 636, 637, 424, 509
 152, 592, 243, 590, 381
 153, 381, 243, 129, 382
 154, 382, 243, 129, 244
 155, 592, 638, 593, 244
 156, 592, 638, 382, 413
 157, 573, 548, 639, 462
 158, 584, 210, 209, 101
 159, 640, 641,  45, 439
 160, 640, 581, 285, 641
 161, 181, 640, 581, 285
 162, 640, 641, 285, 182
 163, 640,  45, 641, 182
 164, 639, 642, 445, 520
 165, 639,   1, 643, 462
 166, 639, 462, 445,   1
 167, 639, 373, 642, 644
 168, 639, 642, 284, 236
 169, 639,  44, 642, 236
 170, 580, 283, 588, 124
 171, 283, 579, 220, 580
 172, 580, 588, 283, 579
 173, 580, 588, 461, 568
 174, 580,  13, 568, 153
 175, 580, 125, 124,  13
 176, 633, 645, 234, 331
 177, 633, 646, 645, 331
 178, 633, 646, 331, 647
 179, 633, 647, 331, 358
 180, 598, 600, 543, 624
 181, 598, 600, 368, 371
 182, 598, 648, 399, 517
 183, 598, 599, 648, 517
 184, 598, 600, 517, 543
 185, 597, 600, 598, 371
 186, 649, 545, 650, 651
 187, 649, 650, 369, 651
 188, 649, 652, 651, 298
 189, 649, 650, 545, 497
 190, 649, 652, 653, 496
 191, 654, 655, 470, 656
 192, 654, 655, 416, 470
 193, 654, 657, 655, 246
 194, 654, 246, 655, 318
 195, 392, 620, 192, 626
 196,  66, 392, 193, 460
 197, 658, 659, 660, 304
 198, 626, 392, 193, 192
 199, 341, 626, 282, 215
 200, 625, 627, 215, 194
 201, 625, 460, 194, 193
 202, 626, 627, 553, 661
 203, 626, 620, 553, 392
 204, 629, 475, 630, 662
 205, 629, 662, 183, 440
 206, 629, 287, 630, 300
 207, 433, 588, 155, 554
 208, 629, 630, 287, 662
 209, 663, 606, 186, 442
 210, 663, 664, 309, 226
 211, 441, 663, 185, 442
 212, 442, 663, 185, 186
 213, 665, 302, 666, 269
 214, 663, 664, 606, 442
 215, 663, 664, 442, 501
 216, 572, 313, 603, 314
 217, 589, 522, 574, 591
 218, 572, 574, 354, 353
 219, 572, 603, 487, 488
 220, 572, 574, 522, 535
 221, 667, 668, 357, 669
 222, 667, 527, 634, 504
 223, 667, 669, 634, 527
 224, 667, 670, 478, 528
 225, 567, 588, 155, 433
 226, 596, 433, 671, 500
 227, 595, 240, 122, 596
 228, 622, 198,   8,  80
 229, 596, 671, 240, 312
 230, 596, 567, 566, 433
 231, 596, 595, 671, 433
 232, 672, 650, 545, 651
 233, 672, 369, 650, 651
 234, 672, 650, 322, 673
 235, 672, 674, 473, 673
 236, 672, 674, 322, 250
 237, 672, 651, 321, 369
 238, 595, 570, 291, 311
 239, 595, 671, 311, 240
 240, 595, 570, 467, 464
 241, 595, 671, 433, 467
 242, 616, 191, 619, 213
 243, 619, 192, 620, 213
 244, 619, 620, 392, 395
 245, 619, 395, 392,  64
 246, 619,  65, 392, 192
 247, 619, 392,  65,  64
 248, 675, 676, 677, 272
 249, 675, 676, 678, 480
 250, 675, 449, 676, 480
 251, 675, 480, 679, 530
 252, 675, 678, 679, 480
 253, 680, 681, 334, 682
 254, 675, 481, 677, 449
 255, 605, 683, 438, 503
 256, 604, 605, 437, 615
 257, 605, 289, 615, 278
 258, 605, 683, 377, 279
 259, 594, 615, 436, 444
 260, 584, 594, 276, 615
 261, 594, 188, 684, 444
 262, 207, 190,  54,   6
 263, 604, 584, 436, 101
 264,  57, 223, 188, 224
 265, 594, 615, 444, 684
 266, 594, 615, 224, 276
 267, 601, 486, 685, 542
 268, 598, 683, 544, 585
 269, 601, 686, 542, 685
 270, 601, 681, 367, 340
 271, 601, 367, 685, 325
 272,   9, 217,  71,  72
 273, 610, 609, 393, 552
 274, 553, 627, 459, 661
 275, 627, 459, 661, 610
 276, 610, 280, 687, 282
 277, 610, 552, 687, 609
 278, 610, 661, 282, 687
 279, 688, 642,  44, 236
 280, 236, 688, 168,  44
 281, 275, 688, 168, 236
 282, 688, 668, 477, 642
 283, 688, 689, 169, 446
 284, 688, 668, 275, 689
 285, 688, 169, 689, 275
 286, 454, 177, 455, 690
 287, 690, 178, 613, 266
 288, 222, 110, 208, 109
 289, 177, 267, 266, 690
 290, 690, 691, 267, 685
 291, 690, 691, 454, 177
 292, 613, 614, 456, 502
 293, 612, 613, 265, 614
 294, 601, 613, 685, 486
 295, 601, 631, 362, 324
 296, 613, 614, 502, 631
 297, 626, 214, 192, 193
 298, 613, 265, 614, 324
 299, 279, 106, 211, 212
 300, 676, 678, 448, 692
 301, 171, 449, 448, 676
 302, 624, 368, 287, 309
 303, 676, 692, 448, 171
 304, 693, 665, 666, 484
 305, 693, 453, 691, 665
 306, 693, 453, 665, 484
 307, 693, 484, 694, 518
 308, 693, 694, 484, 666
 309, 556, 398, 167, 555
 310, 680, 218, 681, 695
 311, 680, 681, 218, 334
 312, 555, 218, 219, 680
 313, 111, 555, 218, 219
 314, 680, 696, 556, 398
 315, 680, 696, 398, 682
 316, 680, 556, 696, 219
 317, 596, 671, 595, 240
 318, 433, 155, 567, 156
 319, 671, 623, 312, 586
 320, 671, 623, 500, 550
 321, 671, 623, 550, 571
 322, 595, 570, 571, 467
 323, 595, 578, 291, 570
 324, 671, 374, 623, 571
 325, 671, 312, 623, 374
 326, 697, 698, 699, 471
 327, 697, 698, 418, 700
 328, 697, 320, 698, 248
 329, 697, 388, 700, 418
 330, 249, 388, 248, 697
 331, 693, 686, 485, 518
 332, 697, 249, 699, 320
 333, 617, 335, 618, 673
 334, 617, 253, 618, 335
 335, 616, 253, 617,  79
 336, 253, 391, 251, 617
 337, 584, 108, 210, 107
 338, 617, 674, 673, 421
 339, 617, 391, 674, 421
 340, 701, 702, 703, 361
 341, 701, 361, 703, 329
 342, 701, 659, 361, 305
 343, 704, 705, 415, 466
 344, 704, 316, 705, 706
 345, 432, 577, 156, 433
 346, 704, 384, 657, 245
 347, 383, 221, 131, 384
 348, 384, 221, 131, 245
 349, 704, 705, 316, 245
 350, 704, 657, 705, 245
 351, 592, 412, 382, 381
 352, 602, 590, 603, 242
 353, 589, 292, 591, 353
 354, 602, 590, 411, 603
 355, 590, 603, 242, 314
 356, 590, 411, 603, 488
 357, 578, 707, 310, 291
 358, 578, 499, 576, 707
 359, 575, 578, 576, 238
 360, 688, 168,  44, 445
 361, 578, 576, 310, 707
 362, 577, 566, 565, 157
 363, 578, 707, 464, 499
 364, 179, 582, 457, 612
 365, 614, 628, 323, 264
 366, 264, 612, 265, 614
 367, 614, 631, 474, 502
 368, 628, 583, 582, 474
 369, 628, 300, 629, 630
 370, 614, 582, 457, 474
 371, 614, 612, 456, 457
 372, 708, 534, 707, 526
 373, 708, 355, 707, 644
 374, 708, 669, 707, 356
 375, 581, 583, 439, 463
 376, 583, 376, 263, 581
 377, 583, 582, 457, 463
 378, 457, 583, 474, 582
 379, 581, 463,  27, 180
 380, 108, 109, 223, 209
 381, 376, 641, 581, 583
 382, 628, 300, 264, 582
 383, 582, 300, 264, 263
 384, 658, 709, 483, 666
 385, 658, 270, 660, 709
 386, 658, 660, 659, 482
 387, 658, 451, 660, 482
 388, 658, 304, 660, 270
 389, 691, 453,  23, 665
 390, 691, 485, 685, 454
 391, 690, 691, 177, 267
 392, 703, 508, 531, 507
 393, 584, 101, 209, 100
 394, 176, 268, 267, 691
 395, 691, 267, 685, 301
 396, 650, 673, 370, 322
 397, 650, 710, 299, 370
 398,  20, 450, 173, 451
 399, 577, 578, 238, 239
 400, 450, 173, 451, 660
 401, 660, 709, 173, 451
 402, 660, 271,  39,  38
 403, 660, 270, 271,  38
 404, 678, 670, 307, 647
 405, 678, 359, 679, 647
 406, 678, 670, 479, 692
 407, 633, 358, 331, 332
 408, 678, 692, 479, 448
 409, 678, 647, 307, 359
 410, 678, 307, 692, 273
 411, 599, 515, 695, 648
 412, 599, 515, 648, 517
 413, 597, 631, 363, 362
 414, 599, 681, 695, 546
 415, 601, 681, 599, 546
 416, 667, 668, 669, 527
 417, 575, 565, 564, 158
 418, 667, 670, 528, 647
 419, 668, 689, 478, 670
 420, 668, 689, 308, 275
 421, 688, 477, 668, 446
 422, 668, 689, 446, 478
 423, 390, 250, 251, 674
 424, 674, 673, 322, 251
 425, 151, 420, 390, 421
 426, 420, 390, 421, 674
 427, 674, 390, 711, 420
 428, 674, 673, 421, 473
 429, 709, 665, 174, 452
 430, 709, 665, 452, 666
 431, 709, 666, 303, 269
 432, 709, 173, 451, 174
 433, 695, 218, 340, 337
 434, 709, 173,  38, 660
 435, 604, 211, 107, 210
 436,  21, 451, 174, 452
 437, 451, 174, 452, 709
 438, 709, 666, 452, 483
 439, 691, 665, 176, 268
 440, 277, 104, 105, 212
 441,  36, 174,  37, 665
 442, 665, 269,  36, 268
 443, 665, 453,  23,  22
 444, 665, 453,  22, 452
 445, 665, 174,  37, 709
 446, 665, 452, 175, 174
 447, 712, 713, 703, 507
 448, 712, 679, 360, 330
 449, 712, 646, 506, 679
 450, 618, 514, 714, 458
 451, 618, 714, 281, 661
 452, 618, 714, 514, 673
 453, 618, 620, 281, 213
 454, 618, 714, 335, 281
 455, 574, 643, 372, 344
 456, 574, 591, 344, 353
 457, 589, 488, 572, 522
 458, 569, 535, 548, 549
 459, 569, 644, 346, 373
 460, 574, 519, 591, 522
 461, 715, 716, 717, 350
 462, 715, 716, 350, 296
 463, 715, 716, 296, 718
 464, 715, 719, 718, 351
 465, 719, 652, 540, 495
 466, 719, 652, 352, 651
 467, 719, 351, 698, 320
 468, 719, 698, 538, 471
 469, 719, 652, 297, 352
 470,  99, 208, 435, 434
 471, 689, 692, 170, 447
 472, 689, 170, 692, 274
 473, 689, 478, 670, 447
 474, 169, 275, 274, 689
 475, 720, 190, 434, 207
 476, 689, 670, 308, 274
 477, 689, 670, 274, 692
 478, 704, 383, 414, 384
 479, 638, 706, 414, 468
 480, 638, 706, 468, 593
 481, 638, 706, 593, 286
 482, 638, 382, 413, 383
 483, 592, 382, 638, 244
 484, 221, 383, 244, 638
 485, 109, 209, 208, 223
 486, 638, 706, 286, 221
 487, 122, 595, 239, 240
 488, 721, 722, 723, 407
 489, 575, 158, 430, 431
 490, 721, 724, 725, 491
 491, 721, 722, 407, 491
 492, 721, 722, 491, 725
 493, 237, 563, 235, 635
 494, 604, 106, 107, 211
 495, 635, 290, 669, 634
 496, 575, 576, 578, 431
 497, 635, 669, 498, 634
 498, 635, 634, 235, 290
 499, 564, 430, 159, 563
 500, 575, 576, 237, 238
 501, 563, 430, 159, 429
 502, 576, 635, 564, 237
 503, 635, 563, 564, 237
 504, 635, 429, 634, 498
 505, 714, 281, 661, 339
 506, 590, 488, 412, 411
 507, 572, 623, 603, 313
 508, 623, 410, 603, 587
 509, 664, 606, 683, 288
 510, 589, 489, 488, 522
 511, 591, 523, 593, 489
 512, 591, 593, 726, 345
 513, 591, 345, 727, 344
 514, 591, 292, 593, 345
 515, 728, 718, 495, 652
 516, 728, 718, 297, 259
 517, 207, 110,  55,   6
 518, 201, 405, 404, 728
 519, 728, 729, 201, 405
 520, 728, 729, 718, 259
 521, 728, 718, 405, 495
 522,  26, 612, 457, 456
 523, 597, 517, 600, 541
 524, 443, 187, 186,  49
 525, 628, 300, 630, 365
 526, 628, 600, 363, 365
 527, 601, 486, 539, 502
 528, 601, 546, 599, 539
 529, 601, 681, 686, 367
 530, 613, 614, 631, 324
 531, 729, 259,  93, 258
 532, 729, 296, 718, 259
 533, 729, 494, 716, 406
 534, 729, 201, 405, 202
 535, 729, 201,  94, 728
 536, 729, 406,  84, 405
 537,  84, 203,  85, 729
 538, 729, 718, 494, 405
 539, 669, 634, 527, 498
 540, 632, 562, 563, 235
 541, 669, 526, 707, 499
 542, 669, 634, 290, 357
 543, 669, 707, 356, 310
 544, 564, 430, 158, 159
 545, 646, 679, 529, 506
 546, 646, 730, 427, 645
 547, 646, 645, 427, 505
 548, 646, 730, 645, 233
 549, 646, 679, 330, 359
 550, 646, 233, 645, 331
 551, 712, 713, 232, 329
 552, 646, 647, 505, 529
 553, 646, 647, 359, 331
 554, 701, 703, 531, 507
 555, 712, 507, 530, 506
 556, 694, 510, 731, 682
 557, 429, 635, 563, 430
 558, 694, 686, 518, 682
 559, 694, 666, 302, 366
 560, 694, 731, 366, 326
 561, 732, 729, 406,  85
 562,  93, 201,  94, 729
 563, 598, 648, 371, 277
 564, 732, 733, 295, 257
 565, 732, 723, 733, 257
 566, 732, 723, 203, 396
 567, 203, 258, 257, 732
 568, 594, 223, 276, 224
 569, 576, 669, 707, 499
 570, 578, 310, 576, 238
 571, 707, 570, 534, 644
 572, 707, 570, 355, 291
 573, 707, 534, 570, 464
 574, 212, 279, 277, 585
 575,  88, 408, 206, 397
 576, 734, 722, 255, 725
 577,  89, 254, 206, 255
 578, 254, 206, 255, 734
 579, 734, 206, 722, 408
 580, 232, 559, 231, 713
 581, 713, 425, 703, 507
 582, 425, 559, 426, 713
 583, 594, 444, 436, 435
 584, 713, 730, 232, 559
 585, 563, 429, 159, 160
 586,  87, 407, 205, 408
 587, 407, 205, 408, 722
 588, 722, 255, 205, 206
 589, 734, 255, 722, 206
 590,  90, 204,  91, 722
 591, 722, 256,  90, 255
 592, 578, 570, 707, 291
 593, 558, 231, 114, 115
 594, 570, 571, 346, 311
 595, 570, 644, 355, 346
 596, 570, 521, 571, 467
 597, 570, 644, 521, 534
 598, 250, 389, 249, 711
 599, 674, 250, 711, 390
 600, 711, 389, 420, 390
 601, 268, 175, 176,  35
 602, 711, 699, 249, 321
 603, 711, 419, 389, 388
 604, 697, 419, 711, 388
 605, 150, 419, 389, 420
 606, 419, 389, 420, 711
 607, 711, 699, 472, 419
 608, 384, 245, 132, 385
 609, 428, 632, 562, 429
 610, 385, 245, 132, 246
 611, 713, 559, 231, 558
 612, 385, 416, 415, 657
 613, 657, 415, 385, 384
 614, 704, 415, 657, 384
 615, 611, 282, 216, 610
 616, 625, 460, 627, 194
 617, 627, 611, 195, 394
 618, 194, 627, 195, 460
 619, 621, 303, 666, 366
 620, 621, 702, 637, 532
 621, 621, 666, 483, 533
 622, 730, 645, 233, 561
 623, 730, 427, 645, 561
 624, 233, 560, 232, 730
 625, 277, 105, 104,  12
 626, 730, 560, 232, 559
 627, 730, 426, 560, 559
 628, 426, 560, 427, 730
 629, 457, 180, 179,  26
 630,  37, 173,  38, 709
 631, 694, 621, 533, 666
 632, 693, 484, 485, 453
 633, 709, 665, 666, 269
 634, 677, 271,  39, 660
 635, 658, 621, 666, 483
 636, 658, 709, 666, 303
 637, 460,  67,  68, 194
 638, 693, 666, 665, 302
 639, 630, 624, 368, 287
 640, 630, 662, 475, 624
 641, 630, 624, 475, 543
 642, 654, 655, 657, 416
 643, 705, 706, 724, 466
 644, 704, 414, 706, 466
 645, 705, 735, 469, 525
 646, 705, 735, 348, 317
 647, 657, 705, 469, 415
 648, 706, 724, 466, 524
 649, 706, 724, 524, 726
 650, 706, 593, 726, 468
 651, 706, 347, 724, 726
 652, 706, 724, 347, 316
 653, 668, 478, 446, 477
 654, 670, 307, 647, 358
 655, 670, 274, 692, 307
 656, 670, 647, 479, 528
 657, 670, 692, 447, 479
 658, 617, 673, 251, 335
 659, 661, 620, 458, 553
 660, 661, 687, 459, 516
 661, 618, 714, 661, 458
 662, 661, 281, 620, 341
 663, 661, 687, 339, 282
 664, 589, 591, 593, 489
 665, 382, 413, 412, 592
 666, 589, 590, 592, 292
 667, 704, 638, 706, 414
 668, 645, 561, 562, 234
 669, 704, 638, 414, 383
 670, 593, 286, 726, 345
 671, 144, 413, 383, 414
 672, 592, 412, 489, 413
 673, 698, 418, 700, 465
 674, 604, 605, 615, 278
 675, 615, 684, 476, 444
 676, 615, 684, 224, 289
 677, 615, 684, 289, 606
 678, 654, 657, 246, 317
 679, 655, 656, 700, 417
 680, 655, 247, 656, 318
 681, 147, 416, 386, 417
 682, 416, 386, 417, 655
 683, 655, 416, 386, 385
 684, 657, 416, 655, 385
 685, 655, 656, 417, 470
 686, 629, 583, 511, 439
 687, 582, 264,  32,  31
 688,  31, 582, 263, 180
 689, 581, 263, 582, 180
 690, 582, 179,  31,  32
 691, 595, 671, 467, 571
 692, 457, 582, 180, 463
 693, 720, 207, 434, 208
 694, 640, 182,   2,  45
 695, 640,  28,   2,  29
 696, 463,  28, 439, 581
 697, 629, 630, 475, 511
 698, 633, 428, 505, 504
 699, 641,  62, 376, 285
 700, 583, 463, 511, 439
 701,  28, 439, 581, 640
 702, 640, 182, 285,  29
 703, 715, 319, 698, 351
 704, 656, 717, 537, 470
 705, 656, 465, 700, 417
 706, 656, 700, 319, 247
 707, 656, 717, 318, 350
 708, 161, 562, 160, 428
 709, 684, 606, 476, 443
 710,  50, 443, 187, 444
 711, 443, 187, 444, 684
 712, 684, 606, 186, 225
 713, 684, 606, 225, 289
 714, 225, 684, 187, 186
 715, 224, 684, 187, 225
 716, 594, 224, 684, 188
 717, 684, 187, 444, 188
 718, 681, 686, 334, 682
 719, 681, 334, 686, 367
 720, 681, 695, 218, 340
 721, 639, 644, 520, 548
 722, 434, 208, 207,  99
 723, 643, 462,   1, 397
 724, 643, 397, 727, 519
 725, 734,  44, 643, 254
 726, 734, 397,  44, 206
 727, 372, 643,  44, 254
 728, 639, 643,  44, 372
 729, 643, 727, 254, 344
 730,  39, 677, 171, 272
 731, 677, 271, 659, 305
 732, 171, 273, 272, 676
 733, 223, 594, 209, 208
 734, 172, 450, 449, 677
 735, 676, 171, 677, 272
 736, 677, 449, 172, 171
 737, 677, 481, 659, 450
 738, 664, 338, 683, 624
 739, 664, 683, 338, 288
 740, 663, 662, 309, 624
 741, 664, 683, 544, 624
 742, 698, 465, 471, 418
 743, 149, 418, 388, 419
 744, 655, 700, 656, 247
 745, 148, 417, 387, 418
 746, 417, 387, 418, 700
 747, 700, 417, 387, 386
 748, 655, 417, 700, 386
 749, 697, 248, 700, 388
 750, 700, 387, 418, 388
 751, 386, 247, 134, 387
 752, 387, 247, 134, 248
 753, 601, 686, 681, 542
 754, 686, 682, 342, 334
 755, 686, 685, 367, 301
 756, 694, 621, 731, 533
 757, 686, 682, 512, 518
 758, 686, 685, 485, 542
 759, 598, 544, 624, 543
 760, 628, 541, 600, 551
 761, 614, 502, 474, 456
 762, 628, 551, 511, 474
 763, 712, 703, 713, 329
 764, 628, 630, 551, 600
 765, 628, 614, 474, 582
 766, 562, 234, 561, 118
 767, 713, 425, 559, 558
 768, 736, 508, 637, 703
 769, 736, 636, 637, 424
 770, 736, 703, 328, 231
 771, 231, 558, 230, 736
 772, 180, 463,  27, 457
 773, 736, 328, 637, 230
 774, 696, 398, 682, 510
 775, 684, 224, 289, 225
 776, 556, 423, 398, 696
 777, 696, 682, 219, 326
 778, 112, 229, 556, 219
 779, 229, 556, 219, 696
 780, 696, 636, 731, 229
 781, 696, 556, 636, 229
 782, 695, 515, 422,  11
 783,  11, 695, 648, 104
 784, 681, 686, 512, 542
 785, 680, 695, 555, 218
 786, 695, 104, 555, 218
 787,  12, 218, 104, 337
 788, 695, 648, 104, 337
 789, 716, 717, 733, 493
 790, 716, 295, 717, 350
 791,  86, 396, 204, 407
 792, 396, 204, 407, 723
 793, 722, 725, 408, 491
 794, 722, 407, 205, 204
 795, 723, 294, 733, 257
 796, 732, 203, 723, 257
 797, 723, 396, 204, 203
 798,  91, 723, 203, 257
 799, 723, 257,  91, 256
 800, 664, 683, 606, 503
 801, 664, 606, 442, 503
 802, 664, 624, 309, 338
 803, 605, 288, 606, 289
 804, 664, 501, 624, 544
 805, 683, 279, 585, 338
 806, 605, 606, 683, 503
 807, 728, 297, 652, 260
 808, 715, 718, 719, 538
 809, 732, 406, 396,  85
 810, 729, 716, 718, 296
 811, 729, 716, 296, 258
 812, 702, 637, 532, 508
 813, 702, 364, 637, 328
 814, 702, 659, 531, 482
 815, 658, 482, 702, 532
 816, 702, 659, 304, 361
 817, 675, 677, 676, 449
 818, 689, 670, 692, 447
 819, 448, 692, 170, 171
 820, 447, 692, 170, 448
 821,  16, 446, 169, 447
 822, 689, 447, 170, 169
 823, 676, 678, 692, 273
 824, 676, 692, 171, 273
 825, 641, 182, 183,  62
 826, 170, 274, 273, 692
 827, 181,  29, 285,   3
 828, 690, 455, 454, 486
 829, 680, 695, 422, 555
 830, 601, 324, 613, 631
 831, 601, 502, 613, 486
 832, 690, 486, 613, 455
 833, 691, 454,  23, 453
 834, 686, 518, 542, 485
 835, 601, 686, 685, 367
 836, 690, 613, 325, 266
 837, 601, 542, 539, 486
 838, 573, 639, 372, 643
 839, 643, 519, 462, 397
 840, 574, 591, 727, 344
 841, 727, 726, 523, 490
 842, 727, 725, 315, 726
 843, 643, 372, 344, 254
 844, 727, 345, 726, 315
 845, 632, 645, 633, 428
 846, 667, 634, 669, 357
 847, 667, 504, 528, 527
 848, 633, 528, 667, 504
 849, 667, 478, 668, 527
 850, 576, 635, 430, 564
 851, 633, 647, 528, 505
 852, 633, 645, 505, 428
 853, 576, 635, 498, 430
 854, 632, 635, 634, 235
 855, 735, 733, 294, 349
 856, 735, 717, 733, 349
 857, 735, 733, 536, 492
 858, 654, 717, 349, 318
 859, 654, 656, 470, 717
 860, 716, 717, 493, 537
 861, 715, 717, 656, 350
 862, 654, 469, 536, 470
 863, 717, 733, 349, 295
 864, 717, 536, 733, 493
 865, 639, 284, 642, 373
 866, 688, 642, 477, 445
 867, 688, 333, 668, 642
 868, 569, 571, 354, 346
 869, 605, 289, 377, 288
 870, 713, 736, 231, 703
 871, 713, 730, 559, 426
 872, 708, 477, 642, 520
 873, 654, 735, 705, 317
 874, 654, 416, 657, 469
 875, 724, 725, 524, 726
 876, 724, 725, 347, 293
 877, 721, 724, 348, 293
 878, 724, 524, 725, 491
 879, 401, 617, 391,  79
 880, 617, 673, 674, 251
 881, 617, 335, 251, 253
 882, 714, 661, 458, 516
 883, 672, 699, 321, 651
 884, 672, 650, 673, 473
 885, 617, 401, 421, 514
 886, 714, 370, 673, 335
 887, 672, 674, 673, 322
 888, 672, 674, 420, 473
 889, 629, 511, 475, 440
 890, 630, 600, 368, 624
 891, 444, 188,  50,  51
 892, 184, 441, 440, 662
 893, 629, 183, 662, 228
 894, 662, 440, 184, 183
 895, 227, 663, 185, 184
 896, 663, 441, 185, 184
 897, 228, 662, 184, 183
 898, 227, 662, 184, 228
 899, 725, 726, 347, 315
 900, 589, 591, 292, 593
 901, 734, 490, 397, 408
 902, 725, 524, 726, 490
 903, 722, 491, 408, 407
 904, 722, 204,  91, 723
 905, 734, 727, 315, 254
 906, 423, 557, 424, 636
 907, 636, 230, 637, 327
 908, 556, 229, 113, 557
 909, 557, 229, 113, 230
 910, 636, 637, 509, 731
 911, 229, 636, 557, 556
 912, 636, 557, 556, 423
 913, 636, 327, 637, 731
 914, 605, 503, 437, 476
 915, 615, 684, 606, 476
 916, 684, 443, 187, 186
 917, 663, 186, 606, 226
 918, 664, 501, 503, 442
 919, 605, 606, 615, 289
 920, 605, 683, 288, 377
 921, 652, 653, 496, 404
 922, 715, 656, 537, 465
 923, 652, 496, 651, 540
 924, 719, 538, 495, 540
 925, 652, 653, 260, 298
 926, 652, 352, 651, 298
 927, 626, 661, 553, 620
 928, 109, 208, 222, 223
 929, 608, 610, 393, 394
 930, 207,  98,  54, 190
 931, 216, 611, 607,  73
 932, 611, 216,  74,  73
 933, 194,  75, 195, 611
 934, 611, 216, 215,  74
 935, 636, 731, 229, 327
 936, 736, 230, 636, 557
 937, 736, 703, 425, 508
 938, 713, 736, 703, 425
 939, 636, 423, 731, 509
 940, 701, 712, 530, 679
 941, 701, 329, 712, 360
 942, 658, 364, 304, 303
 943, 713, 507, 426, 425
 944, 736, 424, 637, 508
 945, 702, 531, 703, 508
 946, 701, 530, 507, 531
 947,  56, 222, 189, 223
 948, 594, 720, 208, 223
 949, 679, 506, 530, 529
 950, 454, 177,  23,  24
 951, 188, 435,  51, 444
 952, 190, 720, 222, 207
 953, 207, 190,  55, 222
 954, 435, 100, 208,  99
 955,  52, 189, 434, 435
 956, 176,  23, 691, 177
 957, 208, 435, 434, 720
 958, 720, 190, 189, 434
 959, 730, 561, 560, 427
 960, 234, 561, 233, 645
 961, 267, 176,  34,  35
 962, 712, 730, 646, 330
 963, 645, 562, 561, 428
 964, 632, 562, 645, 428
 965, 427, 561, 428, 645
 966, 455, 178,  24,  25
 967, 633, 645, 646, 505
 968, 646, 730, 233, 330
 969, 633, 667, 332, 634
 970, 696, 731, 510, 682
 971, 694, 342, 682, 326
 972, 636, 509, 424, 423
 973, 698, 319, 700, 248
 974, 697, 699, 698, 320
 975, 697, 388, 711, 249
 976, 699, 651, 472, 540
 977, 699, 651, 352, 321
 978, 711, 419, 472, 420
 979, 697, 419, 418, 471
 980, 727, 490, 523, 519
 981, 734, 643, 397, 727
 982, 591, 726, 593, 523
 983, 706, 726, 524, 468
 984, 725, 490, 491, 524
 985, 706, 726, 286, 347
 986, 591, 727, 726, 523
 987, 724, 725, 726, 347
 988, 671, 467, 571, 550
 989, 623, 312, 586, 241
 990, 671, 571, 311, 374
 991, 650, 737, 710, 497
 992, 719, 652, 651, 540
 993, 264,  31, 582, 263
 994, 711, 321, 249, 250
 995, 672, 420, 674, 711
 996, 699, 471, 540, 472
 997, 672, 545, 650, 473
 998, 670, 478, 528, 479
 999, 689, 447, 446, 478
1000, 712, 646, 679, 330
1001, 646, 506, 529, 505
1002, 678, 306, 679, 359
1003, 676, 677, 171, 449
1004, 701, 702, 659, 531
1005, 678, 670, 647, 479
1006, 678, 529, 480, 479
1007, 680, 219, 334, 218
1008, 680, 681, 512, 422
1009, 686, 542, 518, 512
1010, 693, 518, 485, 484
1011, 693, 686, 342, 301
1012, 680, 422, 512, 398
1013, 681, 686, 682, 512
1014, 696, 510, 731, 423
1015, 337, 648, 104, 277
1016, 712, 730, 426, 506
1017, 693, 485, 691, 453
1018, 515,  11, 695, 648
1019, 648, 515,  11, 399
1020, 598, 585, 277, 338
1021, 598, 648, 599, 371
1022, 599, 546, 695, 515
1023, 599, 337, 695, 340
1024, 663, 441, 501, 442
1025, 630, 600, 543, 551
1026, 664, 544, 503, 501
1027, 663, 441, 662, 501
1028, 630, 368, 600, 365
1029, 597, 631, 600, 363
1030, 598, 683, 624, 544
1031, 597, 631, 601, 539
1032, 573, 639, 644, 373
1033, 569, 572, 535, 574
1034, 578, 431, 499, 464
1035, 595, 578, 464, 432
1036, 569, 521, 570, 644
1037, 596, 586, 554, 500
1038, 379, 140, 579, 587
1039, 572, 590, 603, 488
1040, 737, 738, 402, 199
1041, 737, 336, 738, 262
1042, 737, 299, 710, 336
1043, 661, 458, 516, 459
1044, 687, 710, 339, 336
1045, 687, 738, 609, 552
1046, 687, 516, 710, 513
1047, 569, 644, 570, 346
1048, 642, 644, 373, 343
1049, 644, 534, 548, 521
1050, 573, 462, 639, 643
1051, 573, 639, 373, 372
1052, 573, 375, 574, 372
1053, 708, 520, 534, 526
1054, 639, 548, 520, 462
1055, 660, 677, 659, 450
1056, 675, 530, 701, 481
1057, 701, 659, 481, 531
1058, 702, 532, 482, 531
1059, 660, 450, 482, 451
1060, 677, 450, 449, 481
1061, 702, 637, 508, 703
1062, 675, 305, 701, 360
1063, 702, 361, 304, 364
1064, 729, 718, 716, 494
1065, 716, 537, 493, 494
1066, 654, 469, 470, 416
1067, 705, 735, 525, 724
1068, 654, 717, 470, 536
1069, 717, 493, 537, 536
1070, 721, 723, 733, 492
1071, 732, 733, 716, 295
1072, 735, 492, 536, 525
1073, 586, 579, 220, 283
1074, 579, 126, 379, 241
1075, 586, 579, 409, 410
1076, 586, 588, 554, 409
1077, 671, 623, 586, 500
1078, 264, 628, 323, 300
1079, 604, 102, 210, 101
1080, 105, 212, 279, 277
1081, 612, 266, 178,  33
1082, 585, 438, 399, 103
1083, 103, 585, 211, 212
1084, 605, 211, 585, 279
1085,  37, 665, 269,  36
1086, 616, 618, 620, 395
1087, 616, 618, 213, 620
1088, 618, 401, 458, 395
1089, 616, 395,  64,   7
1090, 619, 392, 620, 192
1091, 626, 214, 620, 192
1092, 626, 661, 620, 341
1093, 626, 282, 627, 661
1094, 626, 392, 553, 460
1095, 737, 738, 199, 262
1096, 680, 219, 555, 556
1097, 174,  37, 709, 173
1098,  97, 262, 198, 252
1099, 738, 402,  80, 400
1100,  80, 738, 199, 402
1101, 650, 710, 737, 299
1102, 687, 609, 336, 280
1103, 687, 336, 738, 710
1104, 650, 673, 710, 370
1105, 737, 738, 513, 402
1106, 714, 710, 673, 370
1107, 714, 547, 710, 516
1108, 714, 516, 514, 547
1109, 737, 710, 738, 336
1110, 687, 609, 738, 336
1111, 200, 404, 403, 653
1112, 728, 729, 259,  94
1113, 728, 200, 404, 201
1114, 649, 299, 737, 261
1115, 649, 653, 298, 261
1116, 652, 495, 404, 496
1117, 737, 199, 653, 261
1118, 653, 403, 200, 199
1119, 559, 558, 425, 164
1120, 653, 261,  95, 260
1121,  95, 653, 199, 261
1122, 649, 403, 497, 496
1123, 580, 124, 588, 568
1124, 579, 125, 580, 378
1125, 572, 571, 374, 354
1126, 586, 409, 554, 500
1127, 596, 500, 671, 586
1128, 283, 588, 123, 596
1129, 579, 588, 409, 461
1130, 554, 596, 433, 588
1131, 588, 596, 433, 567
1132, 596, 500, 554, 433
1133, 622, 252, 738, 609
1134, 622, 252,  71, 198
1135, 610, 459, 687, 552
1136, 607, 608, 622, 197
1137, 738, 513, 400, 552
1138, 610, 661, 627, 282
1139, 626, 661, 341, 282
1140, 687, 738, 513, 710
1141, 198, 738,  80, 622
1142, 669, 498, 527, 526
1143, 633, 667, 647, 358
1144, 632, 332, 633, 234
1145, 595, 464, 467, 432
1146, 559, 163, 164, 425
1147, 708, 644, 707, 534
1148, 731, 229, 327, 326
1149, 736, 557, 558, 230
1150, 708, 520, 526, 477
1151, 639, 520, 445, 462
1152, 123, 596, 566, 122
1153, 630, 551, 543, 475
1154, 624, 543, 544, 501
1155, 715, 656, 717, 537
1156, 715, 716, 494, 537
1157, 716, 494, 493, 406
1158, 732, 493, 716, 733
1159, 721, 525, 735, 724
1160, 733, 493, 492, 396
1161, 732, 733, 723, 396
1162, 733, 493, 536, 492
1163, 728, 652, 495, 404
1164, 718, 495, 494, 405
1165, 728, 652, 404, 653
1166, 629, 662, 440, 475
1167, 628, 363, 631, 323
1168, 630, 600, 624, 543
1169, 300, 583, 582, 628
1170, 629, 583, 439, 641
1171, 601, 599, 681, 340
1172, 597, 541, 539, 517
1173, 597, 631, 539, 541
1174, 628, 631, 600, 541
1175, 597, 599, 598, 517
1176, 628, 630, 600, 365
1177, 690, 613, 685, 325
1178, 597, 363, 600, 371
1179, 599, 546, 517, 539
1180, 694, 731, 326, 682
1181, 601, 542, 546, 539
1182, 555, 398, 167, 422
1183, 599, 695, 681, 340
1184, 621, 509, 533, 532
1185, 731, 509, 510, 533
1186, 682, 398, 512, 510
1187, 621, 731, 637, 327
1188, 693, 686, 685, 485
1189, 694, 533, 518, 484
1190, 693, 691, 268, 665
1191, 694, 510, 518, 533
1192, 621, 637, 731, 509
1193, 666, 533, 484, 483
1194, 621, 327, 637, 364
1195, 694, 484, 666, 533
1196, 696, 731, 636, 423
1197, 658, 702, 304, 364
1198, 398, 680, 555, 556
1199, 702, 328, 637, 703
1200, 701, 659, 702, 361
1201, 694, 621, 666, 366
1202, 701, 703, 702, 531
1203, 702, 508, 532, 531
1204, 701, 712, 507, 530
1205, 713, 736, 558, 231
1206, 702, 328, 361, 364
1207, 701, 530, 531, 481
1208, 646, 679, 359, 647
1209, 701, 712, 703, 507
1210, 712, 713, 730, 232
1211, 667, 308, 668, 670
1212, 633, 646, 647, 505
1213, 646, 529, 679, 647
1214, 667, 528, 478, 527
1215, 667, 670, 647, 358
1216, 675, 530, 481, 480
1217,  44, 284, 639, 372
1218, 573, 462, 549, 548
1219, 598, 648, 277, 585
1220, 631, 539, 541, 502
1221, 597, 631, 541, 600
1222, 598, 544, 517, 399
1223, 605, 683, 585, 438
1224, 648, 399, 103, 585
1225, 683, 503, 544, 438
1226, 605, 615, 476, 437
1227, 226, 663, 185, 227
1228, 662, 501, 441, 475
1229, 690, 685, 267, 325
1230, 690, 455, 178, 177
1231, 631, 541, 474, 502
1232, 600, 543, 541, 517
1233, 601, 631, 502, 539
1234, 605, 683, 606, 288
1235, 662, 475, 624, 501
1236, 598, 624, 683, 338
1237, 600, 543, 551, 541
1238, 606, 442, 443, 186
1239, 663, 184, 662, 441
1240, 624, 543, 501, 475
1241, 663, 664, 624, 309
1242, 606, 442, 503, 443
1243, 596, 240, 122, 123
1244, 567, 156, 566, 433
1245, 568, 461, 155, 588
1246, 675, 679, 678, 306
1247, 579, 586, 409, 588
1248, 588, 554, 409, 461
1249, 596, 671, 312, 586
1250, 595, 467, 433, 432
1251, 623, 500, 487, 410
1252, 572, 487, 550, 535
1253, 569, 572, 571, 535
1254, 571, 535, 550, 521
1255, 569, 375, 573, 373
1256, 596, 586, 588, 554
1257, 571, 550, 467, 521
1258, 669, 499, 498, 526
1259, 707, 499, 526, 534
1260, 708, 668, 642, 477
1261, 707, 464, 499, 534
1262, 577, 578, 595, 432
1263, 634, 504, 498, 429
1264, 634, 504, 527, 498
1265, 576, 669, 499, 498
1266, 576, 498, 499, 430
1267, 708, 526, 669, 477
1268, 708, 642, 644, 520
1269, 642, 520, 477, 445
1270, 632, 634, 429, 504
1271, 708, 644, 534, 520
1272, 667, 670, 358, 308
1273, 633, 667, 358, 332
1274, 708, 333, 669, 356
1275, 598, 648, 585, 399
1276,  11, 648, 212, 104
1277, 681, 546, 512, 422
1278, 695, 515, 546, 422
1279, 737, 738, 710, 513
1280, 650, 710, 547, 497
1281, 649, 497, 545, 496
1282, 649, 653, 737, 403
1283, 728, 404, 495, 405
1284, 728, 718, 729, 405
1285, 649, 496, 653, 403
1286, 728, 652, 653, 260
1287, 719, 320, 698, 699
1288, 649, 651, 496, 545
1289, 651, 540, 545, 472
1290, 649, 737, 650, 497
1291, 650, 545, 547, 473
1292, 719, 699, 540, 651
1293, 719, 718, 495, 538
1294, 718, 495, 538, 494
1295, 715, 719, 351, 698
1296, 729, 203, 732, 258
1297, 723, 733, 492, 396
1298, 715, 465, 698, 656
1299, 715, 698, 319, 656
1300, 716, 733, 717, 295
1301, 715, 494, 538, 537
1302, 717, 537, 470, 536
1303, 715, 465, 537, 538
1304, 719, 698, 471, 699
1305, 715, 718, 538, 494
1306, 728, 259, 260,  94
1307, 721, 348, 735, 294
1308, 721, 735, 733, 294
1309, 732, 733, 396, 493
1310, 723, 396, 492, 407
1311, 735, 536, 469, 525
1312, 721, 722, 256, 723
1313, 727, 725, 726, 490
1314, 721, 723, 256, 294
1315, 726, 490, 524, 523
1316, 724, 491, 525, 524
1317, 721, 492, 525, 491
1318, 724, 524, 525, 466
1319, 654, 717, 735, 349
1320, 721, 722, 293, 256
1321, 721, 735, 348, 724
1322, 593, 489, 468, 413
1323, 589, 591, 574, 353
1324, 569, 549, 574, 535
1325, 623, 410, 586, 500
1326, 587, 623, 586, 241
1327, 574, 535, 549, 522
1328, 574, 643, 344, 727
1329, 591, 727, 345, 726
1330, 589, 572, 314, 353
1331, 572, 488, 535, 522
1332, 706, 726, 593, 286
1333, 591, 519, 727, 523
1334, 574, 375, 353, 344
1335, 573, 574, 643, 372
1336, 569, 373, 573, 644
1337, 372,   4,  44, 284
1338,  44, 639,   1, 643
1339, 574, 375, 344, 372
1340, 596, 283, 586, 312
1341, 569, 572, 574, 354
1342, 671, 550, 500, 467
1343, 671, 500, 433, 467
1344, 603, 487, 488, 411
1345, 574, 375, 354, 353
1346, 569, 644, 573, 548
1347, 725, 255, 315, 293
1348, 705, 724, 706, 316
1349, 734, 408, 725, 490
1350, 727, 490, 519, 397
1351, 734, 254, 315, 255
1352, 706, 468, 524, 466
1353, 574, 522, 549, 519
1354, 734, 727, 397, 490
1355, 705, 348, 735, 724
1356, 649, 403, 737, 497
1357, 252, 738, 198, 622
1358, 710, 497, 513, 547
1359, 650, 545, 497, 547
1360, 714, 673, 547, 514
1361, 687, 513, 552, 516
1362, 687, 516, 552, 459
1363, 738, 609, 252, 336
1364, 610, 394, 627, 459
1365, 394, 608, 196,  69
1366, 714, 661, 687, 339
1367, 710, 513, 516, 547
1368, 650, 710, 673, 547
1369, 598, 600, 624, 368
1370, 683, 544, 585, 438
1371, 663, 606, 664, 226
1372, 605, 437, 503, 438
1373, 598, 543, 517, 544
1374, 572, 623, 374, 571
1375, 569, 573, 375, 574
1376, 643, 462, 519, 549
1377, 397,  88,   1,  44
1378, 729, 716, 732, 406
1379, 732, 295, 716, 258
1380, 732,  85, 396, 203
1381, 558, 230, 557, 114
1382, 610, 661, 687, 459
1383, 622, 400,   8, 393
1384, 217, 607, 216, 609
1385, 618, 620, 661, 281
1386, 714, 673, 710, 547
1387, 618, 458, 401, 514
1388, 714, 661, 516, 687
1389, 626, 627, 460, 553
1390, 195, 460,  68, 194
1391, 616, 618, 395, 401
1392, 111, 218, 104,  12
1393, 661, 459, 553, 458
1394, 616,  79, 401,   7
1395, 641, 228, 183, 629
1396, 612, 613, 455, 178
1397, 581, 583, 641, 439
1398, 581,  28, 640, 181
1399,  24, 454, 177, 455
1400, 685, 542, 486, 485
1401, 680, 682, 334, 219
1402, 681, 422, 695, 546
1403, 613, 502, 455, 486
1404, 648, 517, 515, 399
1405, 628, 631, 363, 600
1406, 693, 268, 691, 301
1407, 680, 682, 398, 512
1408, 693, 665, 268, 302
1409, 685, 454, 485, 486
1410, 690, 613, 486, 685
1411, 693, 342, 694, 302
1412, 690, 691, 685, 454
1413, 665, 452, 666, 484
1414, 104,  11, 695, 555
1415,  23, 665, 176, 691
1416, 621, 533, 483, 532
1417, 694, 731, 621, 366
1418, 694, 533, 731, 510
1419, 693, 694, 666, 302
1420, 658, 303, 621, 364
1421, 675, 360, 701, 679
1422, 660, 659, 271, 304
1423, 675, 679, 306, 360
1424, 675, 677, 659, 305
1425, 659, 271, 304, 305
1426, 675, 449, 480, 481
1427, 675, 677, 305, 272
1428, 675, 701, 530, 679
1429, 675, 701, 305, 659
1430, 701, 360, 305, 361
1431, 675, 676, 272, 306
1432, 676, 449, 448, 480
1433, 675, 678, 676, 306
1434, 730, 506, 427, 426
1435, 647, 529, 479, 528
1436, 675, 305, 360, 306
1437, 692, 448, 447, 479
1438, 670, 479, 447, 478
1439, 659, 531, 482, 481
1440, 667, 332, 634, 357
1441, 632, 633, 332, 634
1442, 688, 668, 333, 275
1443, 670, 307, 308, 274
1444, 668, 689, 670, 308
1445, 688, 275, 333, 236
1446, 688, 275, 168, 169
1447, 689, 274, 308, 275
1448, 605, 615, 606, 476
1449, 606, 503, 476, 443
1450, 598, 683, 585, 338
1451, 664, 606, 288, 226
1452, 664, 683, 503, 544
1453, 594, 720, 189, 435
1454, 435, 720, 208, 594
1455, 601, 599, 340, 362
1456, 605, 683, 279, 585
1457, 585, 544, 399, 438
1458, 606, 225, 288, 226
1459, 734, 254, 206,  44
1460, 604, 584, 276, 615
1461, 628, 630, 629, 511
1462, 511, 457, 583, 474
1463, 629, 583, 641, 376
1464, 629, 440, 439, 511
1465,  47, 184, 441, 440
1466, 630, 551, 475, 511
1467, 185, 442,  48, 441
1468, 628, 551, 474, 541
1469,  89, 206, 205, 255
1470, 628, 582, 264, 614
1471, 179,  26, 612, 457
1472, 628, 631, 614, 323
1473, 601, 325, 613, 324
1474, 691, 454, 453, 485
1475, 663, 309, 662, 227
1476, 630, 662, 624, 287
1477, 583, 463, 457, 511
1478, 648, 337, 371, 277
1479, 604, 437, 101, 436
1480, 189, 435,  51, 188
1481, 594, 189, 223, 188
1482, 720, 208, 222, 207
1483, 222, 190,  55, 189
1484, 434,  53,  98, 190
1485, 567, 123, 596, 566
1486, 595, 311, 671, 571
1487, 165, 423, 557, 424
1488, 557, 423, 165, 166
1489, 572, 550, 623, 571
1490, 590, 243, 314, 242
1491, 577, 595, 239, 122
1492, 577, 432, 157, 431
1493,  75, 215, 611, 194
1494, 121, 575, 577, 565
1495, 577, 431, 578, 432
1496, 646, 506, 505, 427
1497, 576, 635, 669, 498
1498, 576, 290, 635, 237
1499, 576, 499, 431, 430
1500, 575, 564, 121, 120
1501, 430, 635, 563, 564
1502, 575, 430, 576, 431
1503, 577, 432, 156, 157
1504, 576, 310, 669, 290
1505, 575, 157, 158, 431
1506, 429, 632, 562, 563
1507, 669, 526, 527, 477
1508, 575, 237, 564, 120
1509, 235, 562, 234, 632
1510, 576, 669, 310, 707
1511, 632, 633, 645, 234
1512, 563, 562, 119, 235
1513, 561, 162, 560, 427
1514, 667, 670, 668, 478
1515, 578, 431, 576, 499
1516, 564, 563, 120, 237
1517, 708, 707, 669, 526
1518, 428, 561, 161, 562
1519, 646, 427, 730, 506
1520, 668, 357, 669, 333
1521, 667, 357, 358, 332
1522, 679, 529, 530, 480
1523, 162, 426, 560, 427
1524, 161, 427, 561, 428
1525, 668, 527, 478, 477
1526, 730, 560, 561, 233
1527, 642, 236, 333, 343
1528, 561, 560, 117, 233
1529, 633, 647, 667, 528
1530, 708, 668, 477, 669
1531, 708, 642, 333, 343
1532, 561, 427, 161, 162
1533, 678, 529, 679, 480
1534, 102, 604, 605, 437
1535, 678, 448, 479, 480
1536, 426, 560, 559, 163
1537, 165, 558, 164, 424
1538, 424, 557, 165, 558
1539, 559, 558, 115, 231
1540, 703, 329, 361, 328
1541, 166, 556, 423, 398
1542, 675, 677, 481, 659
1543, 712, 330, 329, 232
1544, 558, 425, 424, 736
1545, 703, 329, 328, 231
1546, 621, 637, 702, 364
1547, 694, 686, 682, 342
1548, 115, 232, 559, 231
1549, 680, 512, 681, 682
1550, 261,  96, 262, 199
1551, 636, 327, 229, 230
1552, 230, 636, 557, 229
1553, 696, 731, 326, 229
1554, 557, 166, 556, 423
1555, 682, 512, 518, 510
1556, 680, 696, 682, 219
1557, 680, 681, 422, 695
1558, 614, 631, 324, 323
1559, 696, 510, 423, 398
1560, 601, 362, 340, 367
1561, 649, 261, 737, 653
1562, 622, 738, 400, 609
1563, 714, 339, 710, 370
1564, 650, 673, 473, 547
1565, 672, 472, 651, 545
1566, 672, 674, 250, 711
1567, 714, 687, 516, 710
1568, 697, 698, 471, 418
1569, 649, 651, 652, 496
1570, 719, 540, 471, 538
1571, 699, 419, 471, 472
1572, 673, 473, 514, 421
1573, 652, 540, 495, 496
1574, 672, 699, 651, 472
1575, 672, 711, 699, 472
1576, 719, 699, 352, 320
1577, 715, 538, 698, 465
1578, 649, 650, 299, 369
1579, 698, 656, 465, 700
1580, 654, 735, 536, 469
1581, 654, 657, 705, 469
1582, 654, 656, 717, 318
1583, 654, 349, 735, 317
1584, 656, 417, 470, 465
1585, 715, 716, 718, 494
1586, 654, 705, 657, 317
1587, 654, 536, 735, 717
1588, 655, 416, 470, 417
1589, 657, 385, 655, 246
1590, 704, 706, 221, 316
1591, 705, 525, 469, 466
1592, 732, 406, 493, 396
1593, 715, 718, 296, 351
1594, 592, 590, 489, 412
1595, 591, 489, 522, 523
1596, 705, 466, 724, 525
1597, 572, 571, 535, 550
1598, 638, 413, 593, 468
1599, 143, 382, 413, 412
1600, 592, 292, 590, 243
1601, 414, 384, 415, 704
1602, 736, 558, 557, 424
1603, 576, 669, 635, 290
1604, 595, 578, 570, 464
1605, 668, 669, 527, 477
1606, 578, 707, 570, 464
1607, 577, 595, 578, 239
1608, 273, 171,  40, 170
1609, 570, 467, 464, 521
1610, 596, 586, 283, 588
1611, 676, 273, 272, 306
1612,  44, 168,   1, 445
1613, 688, 668, 689, 446
1614, 675, 701, 659, 481
1615, 660, 659, 482, 450
1616, 560, 559, 116, 232
1617, 113, 112, 229, 556
1618, 701, 329, 360, 361
1619, 579, 241, 220, 126
1620, 679, 306, 360, 359
1621, 678, 359, 307, 306
1622, 595, 571, 570, 311
1623, 637, 327, 328, 364
1624, 646, 331, 330, 233
1625, 712, 426, 713, 507
1626, 734, 727, 725, 315
1627, 588, 155, 554, 461
1628, 410, 579, 409, 140
1629, 673, 322, 335, 370
1630, 579, 588, 283, 586
1631, 579, 461, 139, 378
1632,  92, 203, 258, 257
1633, 587, 140, 380, 379
1634, 572, 535, 488, 487
1635, 700, 248, 319, 247
1636, 572, 623, 313, 374
1637, 623, 500, 550, 487
1638, 589, 572, 590, 314
1639, 719, 718, 652, 495
1640, 572, 603, 623, 487
1641, 434,  99, 207,  98
1642, 238, 121, 575, 577
1643, 632, 634, 332, 235
1644, 588, 568, 567, 155
1645, 593, 726, 468, 523
1646, 638, 468, 414, 413
1647, 118, 235, 562, 234
1648, 145, 414, 384, 415
1649, 721, 492, 491, 407
1650, 684, 186, 606, 443
1651, 721, 724, 491, 525
1652, 638, 286, 593, 244
1653, 663, 227, 226, 309
1654, 715, 717, 716, 537
1655, 684, 188, 224, 187
1656, 407, 205,  86,  87
1657, 721, 735, 525, 492
1658, 385, 246, 133, 386
1659, 657, 416, 415, 469
1660, 418, 388, 419, 697
1661, 672, 699, 711, 321
1662, 715, 719, 698, 538
1663, 396, 204, 203,  85
1664, 697, 711, 699, 249
1665, 213,  77,  78, 192
1666, 653, 496, 404, 403
1667, 654, 655, 656, 318
1668, 617, 251, 674, 391
1669, 719, 699, 471, 540
1670, 622, 609, 217, 252
1671, 712, 507, 506, 426
1672, 649, 651, 369, 298
1673, 651, 496, 545, 540
1674, 649, 299, 261, 298
1675, 737, 299, 262, 261
1676, 673, 547, 514, 473
1677, 422, 680, 555, 398
1678, 612, 179,  25,  26
1679, 738, 609, 552, 400
1680, 616, 619, 395, 620
1681, 618, 213, 281, 253
1682, 130, 221, 383, 244
1683, 610, 394, 459, 393
1684, 627, 553, 459, 394
1685, 182, 285,  62, 641
1686, 620, 458, 553, 395
1687, 601, 681, 546, 542
1688, 649, 298, 369, 299
1689, 285, 641, 581, 376
1690, 581, 640, 439, 641
1691, 579, 220, 125, 126
1692, 629, 583, 376, 300
1693, 614, 323, 265, 264
1694, 614, 474, 457, 456
1695, 709, 270, 269, 303
1696, 658, 270, 303, 304
1697, 658, 709, 451, 483
1698, 709, 270,  37, 269
1699, 451, 174, 173,  20
1700, 560, 162, 163, 426
1701, 688, 642, 445,  44
1702, 596, 312, 240, 283
1703, 713, 703, 231, 329
1704, 643,  44, 397,   1
1705, 701, 703, 712, 329
1706, 186,  59,  58, 225
1707, 461, 153,  14, 378
1708, 562, 119, 235, 118
1709, 448, 171,  17,  18
1710, 669, 357, 290, 356
1711, 638, 383, 244, 382
1712, 706, 286, 221, 316
1713, 579, 378, 126, 125
1714, 411, 141, 602, 410
1715, 571, 311, 374, 346
1716, 168,  15,   1, 445
1717, 569, 535, 521, 548
1718, 603, 487, 411, 410
1719, 599, 340, 371, 337
1720, 219, 111, 555, 112
1721, 726, 524, 468, 523
1722, 572, 353, 354, 314
1723, 658, 660, 451, 709
1724, 592, 381, 590, 412
1725, 203, 258, 202,  92
1726, 621, 731, 327, 366
1727, 589, 353, 314, 292
1728, 210, 584, 107, 604
1729, 681, 546, 542, 512
1730, 592, 593, 638, 413
1731, 168, 446,  15, 445
1732, 577, 239, 238, 121
1733, 672, 711, 472, 420
1734, 712, 646, 730, 506
1735, 688, 642, 236, 333
1736, 672, 322, 650, 369
1737, 580, 124, 125, 220
1738, 723, 257, 256, 294
1739, 404, 201,  82,  83
1740, 651, 352, 369, 298
1741, 171, 448,  17, 170
1742, 204,  86,  85, 396
1743, 274, 169,  41,  42
1744, 659, 361, 305, 304
1745, 722, 206, 205, 408
1746, 257, 203,  91,  92
1747, 168, 236,  43, 275
1748, 393, 400, 609, 622
1749,  42, 169, 275, 274
1750, 627, 194, 611, 215
1751, 460, 627, 195, 394
1752,  94, 729, 259,  93
1753, 392, 193, 460, 626
1754, 421, 617, 391, 401
1755, 608, 394, 393,  69
1756, 196, 394, 195, 611
1757, 607, 196, 608, 197
1758, 169, 446,  15, 168
1759,  19, 172, 450, 449
1760, 689, 274, 169, 170
1761, 712, 679, 506, 530
1762, 617,  79, 253, 391
1763, 644, 520, 548, 534
1764, 674, 390, 391, 251
1765, 610, 609, 687, 280
1766, 391, 151, 390, 421
1767, 714, 339, 335, 281
1768, 618, 620, 395, 458
1769, 672, 321, 711, 250
1770, 555, 167,  11, 422
1771, 138, 253, 391, 251
1772, 446, 169, 447, 689
1773, 449,  18, 172, 171
1774, 450, 172,  19, 173
1775, 421, 152, 391, 151
1776, 404, 200,  82, 201
1777, 714, 339, 687, 710
1778, 420, 390, 150, 151
1779, 658, 364, 621, 702
1780, 616, 619,  64, 395
1781, 390, 250, 389, 137
1782, 576, 237, 238, 310
1783, 407,  86, 205, 204
1784, 667, 357, 668, 308
1785, 719, 320, 352, 351
1786,  38, 660, 172,  39
1787,  68,  69, 394, 195
1788, 674, 420, 473, 421
1789, 736, 636, 424, 557
1790, 618, 714, 673, 335
1791, 391, 138, 251, 390
1792, 672, 545, 473, 472
1793, 173,  38, 660, 172
1794, 633, 505, 528, 504
1795, 738, 513, 402, 400
1796, 389, 150, 149, 419
1797, 699, 321, 320, 249
1798, 389, 388, 136, 249
1799, 403, 199, 402,  81
1800, 574, 643, 727, 519
1801, 660, 450, 173, 172
1802, 136, 250, 389, 249
1803, 697, 320, 248, 249
1804,  34, 177, 267, 266
1805, 202,  93, 729, 201
1806, 414, 384, 383, 144
1807, 254, 206,  44,   4
1808, 608,  69,  70, 196
1809, 174,  21,  20, 451
1810, 601, 613, 502, 631
1811, 418, 387, 148, 388
1812, 735, 733, 717, 536
1813, 417, 148, 387, 147
1814, 418, 388, 148, 149
1815, 698, 320, 351, 319
1816, 693, 694, 342, 686
1817, 649, 650, 737, 299
1818, 649, 653, 652, 298
1819,  95, 728, 200, 653
1820, 637, 424, 509, 508
1821, 665, 268, 175, 176
1822, 416, 147, 386, 146
1823, 388, 387, 135, 248
1824, 620, 395, 553, 392
1825, 247, 700, 387, 386
1826, 655, 386, 700, 247
1827, 146, 385, 416, 415
1828, 656, 319, 350, 318
1829, 205,  90, 722, 204
1830, 691, 267, 176, 177
1831, 248, 700, 387, 247
1832, 415, 146, 385, 145
1833, 709, 451, 483, 452
1834, 627, 195, 611, 194
1835, 246, 655, 386, 385
1836, 733, 257, 294, 295
1837, 665, 269, 268, 302
1838, 703, 508, 507, 425
1839, 712, 232, 730, 330
1840, 690, 685, 486, 454
1841, 717, 350, 295, 349
1842, 593, 345, 292, 286
1843, 413, 143, 383, 382
1844, 690, 266, 325, 267
1845, 681, 340, 218, 334
1846, 733, 294, 349, 295
1847, 700, 418, 417, 465
1848, 455, 178, 177,  24
1849, 414, 145, 384, 144
1850, 690, 613, 178, 455
1851, 245, 657, 385, 384
1852, 267, 176, 177,  34
1853, 724, 347, 316, 348
1854, 735, 348, 317, 349
1855, 690, 266, 177, 178
1856, 704, 705, 657, 415
1857, 604, 211, 210, 102
1858, 595, 239, 311, 291
1859, 702, 703, 361, 328
1860, 591, 344, 353, 345
1861, 247, 655, 386, 246
1862, 413, 383, 143, 144
1863, 704, 466, 415, 414
1864, 612, 179, 178,  25
1865, 665, 175, 452,  22
1866, 726, 286, 347, 345
1867, 704, 705, 466, 706
1868, 654, 318, 317, 246
1869, 666, 483, 484, 452
1870, 697, 698, 700, 248
1871, 412, 143, 382, 142
1872, 628, 365, 323, 300
1873, 641,  46,  45, 439
1874,  31, 180, 263,  30
1875, 589, 593, 592, 489
1876, 705, 317, 348, 316
1877, 412, 382, 381, 142
1878, 602, 381, 590, 243
1879, 590, 489, 412, 488
1880, 246, 657, 385, 245
1881, 243, 592, 382, 381
1882, 602, 381, 141, 142
1883, 572, 603, 590, 314
1884, 589, 489, 590, 488
1885, 704, 638, 383, 221
1886, 245, 704, 384, 221
1887, 413, 383, 414, 638
1888, 573, 375, 372, 373
1889, 380, 141, 140, 410
1890, 602, 142, 412, 381
1891, 262,  97, 198,  96
1892, 589, 590, 572, 488
1893, 382, 244, 129, 130
1894, 592, 244, 292, 243
1895, 577, 121, 565, 122
1896, 693, 686, 301, 685
1897, 244, 592, 382, 243
1898, 579, 379, 587, 241
1899, 581, 180,  27, 181
1900, 569, 375, 346, 354
1901, 457,  27, 180,  26
1902, 640, 181,  29, 285
1903, 381, 129, 243, 128
1904, 582,  31, 179, 180
1905, 602, 381, 128, 380
1906, 592, 593, 292, 244
1907, 665, 484, 453, 452
1908, 568, 154, 461, 153
1909, 201, 202,  83, 405
1910, 579, 378, 139, 379
1911, 581, 181,  27,  28
1912, 602, 411, 590, 412
1913, 580,  13, 153, 125
1914, 603, 313, 241, 242
1915, 580, 153, 568, 461
1916, 602, 128, 242, 127
1917, 410, 587, 140, 380
1918, 706, 468, 466, 414
1919,  11, 695, 555, 422
1920, 681, 367, 340, 334
1921, 599, 648, 337, 371
1922, 640,  29,   2, 182
1923, 266,  33,  34, 177
1924, 569, 574, 375, 354
1925, 623, 313, 374, 312
1926, 669, 333, 357, 356
1927, 667, 308, 358, 357
1928, 640, 181,  28,  29
1929, 646, 331, 359, 330
1930, 645, 234, 331, 233
1931, 712, 329, 330, 360
1932, 637, 327, 230, 328
1933, 736, 424, 508, 425
1934, 696, 731, 682, 326
1935, 285,  29,  63,   3
1936, 641, 183, 182,  45
1937, 651, 352, 321, 369
1938, 672, 322, 369, 321
1939, 672, 473, 420, 472
1940, 699, 321, 352, 320
1941, 719, 297, 718, 351
1942, 656, 470, 537, 465
1943, 715, 351, 350, 319
1944, 727, 315, 344, 345
1945, 656, 247, 319, 318
1946, 705, 316, 245, 317
1947, 657, 317, 245, 246
1948, 254,  89, 206,   4
1949, 574, 643, 519, 549
1950, 591, 523, 522, 519
1951, 588, 567, 568, 124
1952, 708, 668, 669, 333
1953, 708, 356, 343, 333
1954, 639, 644, 642, 520
1955, 669, 290, 310, 356
1956, 708, 355, 343, 356
1957, 677, 305, 272, 271
1958, 721, 725, 724, 293
1959, 452, 175, 174,  21
1960, 620, 281, 213, 341
1961, 637, 508, 509, 532
1962, 620, 192, 214, 213
1963, 736, 637, 636, 230
1964, 163, 425, 559, 426
1965, 650, 369, 370, 299
1966, 555, 112, 556, 219
1967, 659, 482, 450, 481
1968, 277, 337,  12, 104
1969, 273,  41, 170,  40
1970, 682, 326, 334, 219
1971, 634, 290, 357, 332
1972, 635, 498, 430, 429
1973, 272,  39,  40, 171
1974, 668, 333, 308, 357
1975, 668, 333, 275, 308
1976, 634, 290, 332, 235
1977, 635, 237, 290, 235
1978, 713, 558, 736, 425
1979, 450, 173,  19,  20
1980, 621, 731, 533, 509
1981, 658, 702, 659, 304
1982, 686, 342, 301, 367
1983, 266, 178,  33, 177
1984, 612,  32, 178, 179
1985, 658, 621, 532, 702
1986, 731, 366, 326, 327
1987, 693, 685, 691, 485
1988, 621, 366, 364, 303
1989, 114, 231, 558, 230
1990, 694, 366, 302, 342
1991, 694, 326, 366, 342
1992,  32, 612, 265, 264
1993, 666, 303, 302, 366
1994, 686, 367, 334, 342
1995, 581, 181,  30, 180
1996, 601, 325, 362, 367
1997, 612, 455,  25, 178
1998, 613, 325, 266, 324
1999, 601, 324, 362, 325
2000, 612,  33, 178,  32
2001, 285,  30, 181,   3
2002, 198,  96, 199, 262
2003, 685, 367, 301, 325
2004, 631, 323, 363, 324
2005, 612, 613, 456, 455
2006, 612, 265, 613, 266
2007, 597, 362, 601, 631
2008, 614, 323, 324, 265
2009, 628, 631, 541, 474
2010, 387, 134, 135, 248
2011, 597, 371, 362, 363
2012, 714, 370, 335, 339
2013, 662, 624, 287, 309
2014, 618, 253, 281, 335
2015, 419, 389, 388, 149
2016, 729, 259, 258, 296
2017, 718, 351, 297, 296
2018, 386, 246, 133, 247
2019, 717, 318, 350, 349
2020, 729, 203,  85, 732
2021, 729, 258, 202, 203
2022, 416, 386, 385, 146
2023, 654, 317, 318, 349
2024, 228,  61,  62, 183
2025, 182, 285,  29,  63
2026, 704, 638, 221, 706
2027, 704, 245, 316, 221
2028, 721, 294, 293, 348
2029, 221, 704, 384, 383
2030, 284,   4,  44, 236
2031, 644, 373, 343, 355
2032, 731, 510, 509, 423
2033, 639, 284, 373, 372
2034, 610, 627, 611, 282
2035, 584, 223, 594, 209
2036, 673, 322, 251, 335
2037, 687, 738, 552, 513
2038, 737, 513, 497, 402
2039, 710, 370, 336, 299
2040, 628, 583, 474, 511
2041, 420, 150, 390, 389
2042, 390, 137, 138, 251
2043, 253, 391,  79,  10
2044, 440,  46, 184, 183
2045, 640, 439,  45,  28
2046, 734, 643,  44, 397
2047, 663, 664, 501, 624
2048, 640,  28,  45,   2
2049, 725, 491, 490, 408
2050, 726, 345, 347, 315
2051, 612, 613, 614, 456
2052, 602, 128, 381, 243
2053, 571, 354, 346, 374
2054, 582, 179, 457, 180
2055, 569, 373, 346, 375
2056, 641, 440, 183,  46
2057, 602, 141, 381, 380
2058, 579, 379, 126, 378
2059, 440, 184,  46,  47
2060,  46, 439, 641, 440
2061, 629, 376, 641, 228
2062, 638, 244, 221, 286
2063, 572, 314, 354, 313
2064, 671, 312, 311, 240
2065, 585, 438, 102, 605
2066, 586, 312, 220, 241
2067, 708, 356, 707, 355
2068, 663, 662, 624, 501
2069, 184, 227,  60, 185
2070, 629, 662, 287, 228
2071, 183, 228,  61, 184
2072, 572, 354, 374, 313
2073,  63, 182, 285,  62
2074, 623, 241, 313, 312
2075, 594, 720, 223, 189
2076, 596, 123, 283, 240
2077, 186, 442,  48, 185
2078, 573, 644, 639, 548
2079, 639,  44,   1, 445
2080, 712, 713, 426, 730
2081, 236, 284, 639,  44
2082, 201,  94, 728, 200
2083, 442, 186,  49, 443
2084,  44, 236,  43, 168
2085, 670, 358, 308, 307
2086, 236,   4,  44,  43
2087, 170, 448,  17, 447
2088, 446, 688, 168, 169
2089, 442,  49, 186,  48
2090, 692, 273, 307, 274
2091, 437, 102, 438, 605
2092, 708, 644, 343, 355
2093, 154, 568, 461, 155
2094, 572, 487, 623, 550
2095, 563, 120, 237, 119
2096, 599, 371, 340, 362
2097, 628, 583, 629, 300
2098, 613, 324, 266, 265
2099, 585, 279, 211, 212
2100, 630, 365, 287, 368
2101, 630, 287, 365, 300
2102, 693, 691, 685, 301
2103, 186, 225,  58, 187
2104, 600, 368, 363, 365
2105, 218, 104, 337, 695
2106, 103, 648, 212,  11
2107, 443,  50, 187,  49
2108, 598, 338, 277, 371
2109,  11, 399, 103, 648
2110, 586, 500, 410, 409
2111, 573, 643, 549, 462
2112, 189, 434, 435, 720
2113, 596, 566, 595, 433
2114, 644, 355, 346, 373
2115, 570, 346, 355, 291
2116, 252, 217,  71,   9
2117, 617, 618, 514, 673
2118, 444, 187,  50, 188
2119, 208, 222, 223, 720
2120, 711, 390, 250, 389
2121, 216, 609, 280, 217
2122, 710, 336, 370, 339
2123, 622,  71, 252, 217
2124, 609, 336, 280, 252
2125, 738, 262, 336, 252
2126, 633, 667, 634, 504
2127, 692, 273, 170, 171
2128, 445, 688, 168, 446
2129, 632, 504, 429, 428
2130, 601, 613, 325, 685
2131, 678, 670, 692, 307
2132, 677, 272,  39, 271
2133, 678, 273, 306, 307
2134,  41, 170, 274, 273
2135,  40, 171, 273, 272
2136, 435, 100, 594, 208
2137, 435,  52, 189,  51
2138,   6, 207, 190,  55
2139, 275,  42, 168, 169
2140, 206,  88,  87, 408
2141, 676, 678, 480, 448
2142, 434,  52, 190, 189
2143, 678, 479, 647, 529
2144,  39, 660, 172, 677
2145, 434, 190,  52,  53
2146,  98,  54, 190,  53
2147, 675, 272, 305, 306
2148,  98,   5,  54,  53
2149, 275, 168,  42,  43
2150, 626, 341, 214, 215
2151, 676, 306, 678, 273
2152, 660, 172, 677, 450
2153, 222, 110,  55, 207
2154, 660, 677, 271, 659
2155, 658, 709, 303, 270
2156, 658, 532, 483, 482
2157, 661, 281, 282, 339
2158, 709, 665, 269,  37
2159, 660, 304, 271, 270
2160,  62, 228, 183, 641
2161, 658, 621, 303, 666
2162, 226, 185, 186,  59
2163, 172,  39, 677, 171
2164, 660, 709, 270,  38
2165, 106, 604, 605, 211
2166, 658, 621, 483, 532
2167, 666, 269, 302, 303
2168, 103, 438, 102, 585
2169, 187,  58,  57, 224
2170,  23, 691, 177, 454
2171, 658, 482, 483, 451
2172,  38, 709, 270,  37
2173, 227,  60,  61, 184
2174,  56, 223, 189, 188
2175, 713, 232, 329, 231
2176, 682, 342, 334, 326
2177, 693, 301, 302, 268
2178, 663, 662, 184, 227
2179, 693, 302, 301, 342
2180, 691, 301, 268, 267
2181, 189,  56,  55, 222
2182, 736, 231, 328, 230
2183, 452, 175,  21,  22
2184, 665, 175, 268,  36
2185, 605, 476, 606, 503
2186,  35, 176, 268, 267
2187, 175,  36, 665, 174
2188,  56, 188,  57, 223
2189, 223, 188, 224, 594
2190, 685, 325, 301, 267
2191,  22, 665, 176,  23
2192, 175,  22, 665, 176
2193, 268, 175,  35,  36
2194, 663, 226, 185, 186
2195, 629, 440, 183, 641
2196, 629, 300, 228, 287
2197, 662, 309, 287, 227
2198, 624, 338, 368, 309
2199, 631, 324, 363, 362
2200, 641, 183,  45,  46
2201, 581, 285,  30, 181
2202, 612, 582, 264,  32
2203, 583, 376, 300, 263
2204, 737, 199, 261, 262
2205, 737, 402, 403, 199
2206, 738,  80, 622, 400
2207, 434,  98, 207, 190
2208, 672, 250, 322, 321
2209, 737, 710, 497, 513
2210, 616,  64, 619, 191
2211,  79, 401, 152, 391
2212, 737, 402, 497, 403
2213, 728, 260, 259, 297
2214, 616,  79, 191,  10
2215, 137, 390, 250, 251
2216, 728, 260,  95,  94
2217, 729, 202, 258,  93
2218, 728, 653, 404, 200
2219, 721, 735, 492, 733
2220, 729, 406, 405, 494
2221, 732, 257, 295, 258
2222, 252,   9,  71,  97
2223, 716, 296, 258, 295
2224, 716, 350, 296, 295
2225, 214, 193,  76,  77
2226,  83, 201, 405, 404
2227, 616,   7,  64,  79
2228, 654, 705, 735, 469
2229, 698, 538, 471, 465
2230, 729, 732, 716, 258
2231, 700, 388, 248, 387
2232, 721, 722, 725, 293
2233, 607,  72, 197,  71
2234, 213,  78, 191, 192
2235, 616, 191,  78,  10
2236, 254, 372,   4,  44
2237, 214,  77, 213, 192
2238, 206, 205, 408,  87
2239, 655, 318, 246, 247
2240, 202,  84, 729, 203
2241, 698, 248, 320, 319
2242, 715, 656, 319, 350
2243, 258, 202,  92,  93
2244, 721, 294, 256, 293
2245, 721, 723, 294, 733
2246, 698, 656, 700, 319
2247, 616, 191,  79,  64
2248, 722, 725, 293, 255
2249, 723, 722, 256,  91
2250, 734, 722, 725, 408
2251, 620, 341, 213, 214
2252, 734, 727, 490, 725
2253, 392,  66, 192,  65
2254, 619, 192, 191,  65
2255, 573, 574, 549, 643
2256, 198,  80, 738, 199
2257, 734, 725, 255, 315
2258, 727, 344, 315, 254
2259, 725, 293, 315, 347
2260, 255,  89,  90, 205
2261, 626, 620, 214, 341
2262, 738, 262, 198, 199
2263, 119, 237, 563, 235
2264, 200,  95, 653, 199
2265, 408, 206, 397, 734
2266, 603, 313, 242, 314
2267, 616,  79, 617, 401
2268, 616, 618, 253, 213
2269, 214, 192, 193,  77
2270, 460,  67, 193,  66
2271, 392, 193, 192,  66
2272, 687, 339, 282, 280
2273, 611, 607,  73, 196
2274, 661, 341, 282, 281
2275, 200,  81, 199, 403
2276, 391, 401, 152, 421
2277, 625, 215, 626, 214
2278, 625,  76,  75, 214
2279, 618, 661, 620, 458
2280, 391, 138,  10, 253
2281, 389, 137, 250, 136
2282, 674, 251, 322, 250
2283, 609, 217, 252, 280
2284, 282, 627, 611, 215
2285, 401, 152,   7,  79
2286, 460, 194, 193,  67
2287, 719, 652, 718, 297
2288, 711, 388, 389, 249
2289, 135, 249, 388, 248
2290, 737, 653, 199, 403
2291, 417, 387, 386, 147
2292, 386, 134, 247, 133
2293, 619, 213, 191, 192
2294, 697, 471, 699, 419
2295, 715, 351, 296, 350
2296, 622,  71,   8, 198
2297, 611, 195, 196,  74
2298, 394, 460,  68, 195
2299, 617, 514, 618, 401
2300, 735, 349, 294, 348
2301, 722, 256, 255, 293
2302, 652, 298, 297, 352
2303, 706, 316, 347, 286
2304, 593, 489, 523, 468
2305, 385, 133, 246, 132
2306,  69, 394, 195, 196
2307, 607,  73, 196, 197
2308, 724, 348, 293, 347
2309, 383, 382, 130, 244
2310, 574, 591, 519, 727
2311, 622,   8, 197,  70
2312, 593, 292, 244, 286
2313, 608,  70, 197, 196
2314, 384, 132, 245, 131
2315, 657, 705, 245, 317
2316, 722, 205, 255,  90
2317, 383, 221, 130, 131
2318, 722, 204, 723, 407
2319, 198, 252,  71,  97
2320, 388, 136, 249, 135
2321, 625, 626, 193, 214
2322, 622, 609, 393, 608
2323, 592, 593, 413, 489
2324, 602, 127, 380, 128
2325, 587, 380, 127, 379
2326, 590, 314, 243, 292
2327, 602, 243, 242, 128
2328, 461,  14, 139, 378
2329, 622,  71, 197,   8
2330,  91, 722, 256,  90
2331, 633, 331, 234, 332
2332, 599, 517, 546, 515
2333, 627, 553, 394, 460
2334, 588, 124, 283, 123
2335, 580, 124, 220, 283
2336, 617, 673, 514, 421
2337, 580,  13, 124, 568
2338, 707, 570, 644, 355
2339, 579, 379, 139, 140
2340, 403,  82, 200,  81
2341, 580, 378, 125, 153
2342, 632, 645, 562, 234
2343, 674, 421, 391, 390
2344, 639, 642,  44, 445
2345, 595, 240, 311, 239
2346, 578, 291, 238, 239
2347, 591, 345, 353, 292
2348, 586, 283, 220, 312
2349, 707, 310, 291, 355
2350, 570, 311, 346, 291
2351, 626, 282, 215, 627
2352, 578, 431, 464, 432
2353, 154, 461, 153,  14
2354, 625, 193, 194,  76
2355, 707, 310, 355, 356
2356, 603, 602, 242, 241
2357, 578, 238, 291, 310
2358, 679, 330, 359, 360
2359, 446,  16, 169,  15
2360, 607, 608, 196, 611
2361, 611, 196,  73,  74
2362, 701, 712, 679, 360
2363, 642, 343, 373, 284
2364, 575, 238, 120, 121
2365, 570, 464, 534, 521
2366, 576, 290, 237, 310
2367, 734, 643, 727, 254
2368, 642, 343, 284, 236
2369, 708, 642, 668, 333
2370, 607, 197,  72,  73
2371, 671, 374, 311, 312
2372, 575, 120, 238, 237
2373, 645, 505, 428, 427
2374, 632, 234, 235, 332
2375,  18, 171, 449, 448
2376, 708, 644, 642, 343
2377, 696, 423, 636, 556
2378, 595, 291, 578, 239
2379, 621, 637, 509, 532
2380, 694, 682, 518, 510
2381, 569, 521, 644, 548
2382, 117, 234, 561, 233
2383, 560, 117, 233, 116
2384, 561, 118, 234, 117
2385, 647, 505, 529, 528
2386, 730, 330, 232, 233
2387, 116, 233, 560, 232
2388,  74, 215, 611,  75
2389, 647, 358, 307, 359
2390, 650, 322, 370, 369
2391, 736, 703, 637, 328
2392, 559, 232, 115, 116
2393, 647, 359, 331, 358
2394, 693, 518, 694, 686
2395, 164, 558, 425, 424
2396, 688, 446, 445, 477
2397, 166, 167, 556, 398
2398, 678, 679, 529, 647
2399, 447, 170, 169,  16
2400, 696, 326, 219, 229
2401, 557, 113, 114, 230
2402, 397,  88,  44, 206
2403, 274,  41, 169, 170
2404, 447, 170,  16,  17
2405, 449, 172,  18,  19
2406, 658, 702, 482, 659
2407, 615, 289, 276, 278
2408, 584, 594, 615, 436
2409, 100, 584, 594, 209
2410, 619,  64,  65, 191
2411, 199,  81,  80, 402
2412, 615, 289, 224, 276
2413, 584, 276, 594, 223
2414, 662, 475, 441, 440
2415, 100, 594, 208, 209
2416, 697, 699, 711, 419
2417,  82, 200, 404, 403
2418, 594, 615, 684, 224
2419, 605, 278, 377, 289
2420,  94, 728, 200,  95
2421, 683, 338, 377, 279
2422, 261,  95,  96, 199
2423, 278, 604, 605, 106
2424, 598, 399, 585, 544
2425, 684, 444, 443, 476
2426, 598, 338, 371, 368
2427, 629, 228, 300, 376
2428, 653, 260,  95, 728
2429, 664, 288, 338, 309
2430, 585, 648, 212, 103
2431, 653, 260, 298, 261
2432, 719, 352, 297, 351
2433, 606, 226, 186, 225
2434, 615, 436, 444, 476
2435, 683, 288, 377, 338
2436, 615, 476, 437, 436
2437, 729, 405,  84, 202
2438, 664, 309, 226, 288
2439, 599, 695, 337, 648
2440, 625, 194, 215,  75
2441, 648, 277, 212, 104
2442, 279, 105, 106, 212
2443, 648, 585, 212, 277
2444, 732, 716, 493, 406
2445, 600, 371, 363, 368
2446, 719, 699, 651, 352
2447, 613, 455, 502, 456
2448, 628, 323, 365, 363
2449, 440, 439, 641, 629
2450, 228, 376, 641,  62
2451, 662, 287, 228, 227
2452, 185, 227,  60, 226
2453, 263, 583, 582, 300
2454, 728, 718, 652, 297
2455, 718, 297, 259, 296
2456, 611,  75, 195,  74
2457, 705, 469, 415, 466
2458, 184, 228,  61, 227
2459, 610, 216, 280, 282
2460, 226, 225,  59, 186
2461, 441, 185,  47,  48
2462, 441, 185, 184,  47
2463, 187, 225,  58, 224
2464, 226, 185,  59,  60
2465,  85, 729, 406,  84
2466, 202,  83, 405,  84
2467, 415, 385, 384, 145
2468, 224, 187, 188,  57
2469, 584, 108, 223, 209
2470, 222, 110, 207, 208
2471, 222, 189, 223, 720
2472, 189, 720, 222, 190
2473, 705, 724, 316, 348
2474, 687, 280, 336, 339
2475, 607, 217, 216,  72
2476, 721, 407, 723, 492
2477, 262, 198, 252, 738
2478, 204,  91, 723, 203
2479, 652, 297, 298, 260
2480, 607, 197, 622,  71
2481, 737, 336, 262, 299
2482, 215, 282, 216, 611
2483, 714, 514, 516, 458
2484, 610, 552, 393, 459
2485, 616, 213, 253,  10