  1, 143, 141, 249, 198
  2,  22,  92,  91,  21
  3,  50, 114, 115,  51
  4,  65, 129, 130,  66
  5,  38,  87,  85,   3
  6, 111,  12,  60, 124
  7,   6,   5,  81,  82
  8, 110, 195, 181, 109
  9,   8,   7,  83, 244
 10, 145, 241,  81, 111
 11, 246, 146,  84, 247
 12,  88,  18,  19,  89
 13, 139,  88, 198, 249
 14,  90,  20,  21,  91
 15, 193, 192,  89,  90
 16,  23, 243,  92,  22
 17,   2,  24, 243,  23
 18,  26,  27,  93, 165
 19,  90,  91, 148, 193
 20, 202, 240, 165, 230
 21,  94,  93,  27,  28
 22,  95,  94,  28,  29
 23,  96,  95,  29,  30
 24,  97,  96,  30,  31
 25,  98,  97,  31,  32
 26,  99,  98,  32,  33
 27,  86, 100,  34,  35
 28, 101,  86,  35,  36
 29, 102, 101,  36,  37
 30, 103, 102,  37,   3
 31, 150, 234, 209, 172
 32,  39, 104,  87,  38
 33,  40, 105, 104,  39
 34,  41, 106, 105,  40
 35,  42, 107, 106,  41
 36,  43, 108, 107,  42
 37,  44, 109, 108,  43
 38,  45, 110, 109,  44
 39, 123,  59,  58, 122
 40,  83,  82, 204, 146
 41,  47,  13,  74, 138
 42,  47, 138, 149,  48
 43, 171, 191, 136, 135
 44,  49, 113, 114,  50
 45,  51, 115, 116,  52
 46, 115, 151, 152, 116
 47, 153, 117, 116, 152
 48, 153, 154, 118, 117
 49, 154, 155, 119, 118
 50, 155, 156, 120, 119
 51, 156, 157, 121, 120
 52, 250, 226, 255, 231
 53, 231, 207, 194, 125
 54, 167, 159, 227, 158
 55, 161, 160, 225, 224
 56, 160, 161, 127, 126
 57,  64, 128, 129,  65
 58,  66, 130, 131,  67
 59, 131, 130, 162, 163
 60, 163, 164, 132, 131
 61,  70, 134, 135,  71
 62,  71, 135, 136,  72
 63,  72, 136, 137,  73
 64,  73, 137, 138,  74
 65,  18,  88, 139,  17
 66,  17, 139, 140,  16
 67,  15, 203,  80,   1
 68, 203,  15,  16, 140
 69,  10, 245, 246,  11
 70,  81,   5,  12, 111
 71,  82,  83,   7,   6
 72, 248, 244,  83, 146
 73,  46, 112, 110,  45
 74,  11, 246, 247,   4
 75,  52, 116, 117,  53
 76,  89,  19,  20,  90
 77, 143,  77,  78, 141
 78, 143, 144,  76,  77
 79, 199, 233, 193, 253
 80, 166, 230, 165,  93
 81,  24,  25, 240, 243
 82,  94, 158, 166,  93
 83, 207, 227, 159, 225
 84,  61, 125, 126,  62
 85,  62, 126, 127,  63
 86,  63, 127, 128,  64
 87, 100,  99,  33,  34
 88, 161, 168, 128, 127
 89, 222, 183, 184, 223
 90,  67, 131, 132,  68
 91,  68, 132, 133,  69
 92, 147,   3,  85, 238
 93,  69, 133, 134,  70
 94,  53, 117, 118,  54
 95,  54, 118, 119,  55
 96,  55, 119, 120,  56
 97,  56, 120, 121,  57
 98,  57, 121, 122,  58
 99, 124, 123, 170, 196
100, 112,  46,   4, 247
101, 112, 200, 195, 110
102, 124,  60,  59, 123
103, 204, 200,  84, 146
104, 113,  49,  48, 149
105, 235, 219, 208, 147
106, 172, 114, 113, 150
107, 215, 209, 239, 238
108, 215, 173, 152, 151
109, 210, 211, 154, 153
110, 154, 211, 212, 155
111, 155, 212, 213, 156
112, 217, 177, 178, 228
113, 228, 178, 179, 229
114, 157, 180, 122, 121
115, 109, 181, 179, 108
116, 145, 232, 205, 241
117, 125,  61,  14, 197
118, 142, 197,  14,  75
119, 182, 224, 225, 159
120, 224, 182, 183, 222
121, 223, 184, 185, 221
122, 100, 185, 184,  99
123, 185, 186, 218, 221
124, 186, 187, 214, 218
125, 187, 188, 258, 214
126, 164, 189, 133, 132
127, 220, 189, 258, 188
128, 235, 239, 216, 219
129, 216, 234, 191, 171
130, 191, 201, 137, 136
131, 201, 149, 138, 137
132,  78,  79, 242, 141
133, 242, 203, 140, 251
134,  75,  76, 144, 142
135,  89, 192, 198,  88
136, 111, 124, 196, 145
137, 103,   3, 147, 208
138, 173, 215, 238,  85
139,  91,  92, 202, 148
140, 227, 207, 231, 255
141, 113, 149, 201, 150
142, 151, 115, 114, 172
143,  87, 174, 173,  85
144, 104, 175, 174,  87
145, 105, 176, 175, 104
146, 106, 177, 176, 105
147, 107, 178, 177, 106
148, 108, 179, 178, 107
149, 159, 167,  95,  96
150,  96,  97, 182, 159
151, 182,  97,  98, 183
152, 126, 125, 194, 160
153, 130, 129, 169, 162
154,  86, 186, 185, 100
155, 101, 187, 186,  86
156, 102, 188, 187, 101
157,  25,  26, 165, 240
158, 256, 230, 257, 253
159, 158,  94,  95, 167
160,  99, 184, 183,  98
161, 129, 128, 168, 169
162, 123, 122, 180, 170
163, 205, 232, 195, 200
164, 135, 134, 190, 171
165, 174, 211, 210, 173
166, 175, 212, 211, 174
167, 176, 213, 212, 175
168, 177, 217, 213, 176
169, 180, 228, 229, 170
170, 228, 180, 157, 217
171, 232, 254, 181, 195
172, 188, 102, 103, 220
173, 252, 208, 219, 190
174, 133, 189, 190, 134
175, 189, 164, 214, 258
176, 201, 191, 234, 150
177, 233, 198, 192, 193
178, 253, 257, 237, 199
179, 231, 125, 197, 250
180, 112, 247,  84, 200
181, 196, 254, 232, 145
182, 206, 142, 199, 237
183, 199, 142, 144, 233
184, 200, 204, 241, 205
185, 240, 202,  92, 243
186,  79,  80, 203, 242
187, 241, 204,  82,  81
188, 237, 257, 236, 206
189, 197, 142, 206, 250
190, 160, 194, 207, 225
191, 220, 103, 208, 252
192, 172, 209, 215, 151
193, 210, 153, 152, 173
194, 218, 214, 164, 163
195, 216, 239, 209, 234
196, 217, 157, 156, 213
197, 221, 218, 163, 162
198, 189, 220, 252, 190
199, 223, 221, 162, 169
200, 169, 168, 222, 223
201, 224, 222, 168, 161
202, 226, 236, 166, 158
203, 229, 179, 181, 254
204, 233, 144, 143, 198
205, 202, 230, 256, 148
206, 147, 238, 239, 235
207, 206, 236, 226, 250
208,   9,   8, 244, 248
209, 248, 245,  10,   9
210, 146, 246, 245, 248
211, 251, 249, 141, 242
212, 139, 249, 251, 140
213, 253, 193, 148, 256
214, 254, 196, 170, 229
215, 158, 227, 255, 226
216, 257, 230, 166, 236
217, 171, 190, 219, 216
