  1, 143, 141, 249, 198, 259, 260, 261, 262
  2,  22,  92,  91,  21, 263, 264, 265, 266
  3,  50, 114, 115,  51, 267, 268, 269, 270
  4,  65, 129, 130,  66, 271, 272, 273, 274
  5,  38,  87,  85,   3, 275, 276, 277, 278
  6, 111,  12,  60, 124, 279, 280, 281, 282
  7,   6,   5,  81,  82, 283, 284, 285, 286
  8, 110, 195, 181, 109, 287, 288, 289, 290
  9,   8,   7,  83, 244, 291, 292, 293, 294
 10, 145, 241,  81, 111, 295, 296, 297, 298
 11, 246, 146,  84, 247, 299, 300, 301, 302
 12,  88,  18,  19,  89, 303, 304, 305, 306
 13, 139,  88, 198, 249, 307, 308, 261, 309
 14,  90,  20,  21,  91, 310, 311, 265, 312
 15, 193, 192,  89,  90, 313, 314, 315, 316
 16,  23, 243,  92,  22, 317, 318, 263, 319
 17,   2,  24, 243,  23, 320, 321, 317, 322
 18,  26,  27,  93, 165, 323, 324, 325, 326
 19,  90,  91, 148, 193, 312, 327, 328, 316
 20, 202, 240, 165, 230, 329, 330, 331, 332
 21,  94,  93,  27,  28, 333, 324, 334, 335
 22,  95,  94,  28,  29, 336, 335, 337, 338
 23,  96,  95,  29,  30, 339, 338, 340, 341
 24,  97,  96,  30,  31, 342, 341, 343, 344
 25,  98,  97,  31,  32, 345, 344, 346, 347
 26,  99,  98,  32,  33, 348, 347, 349, 350
 27,  86, 100,  34,  35, 351, 352, 353, 354
 28, 101,  86,  35,  36, 355, 354, 356, 357
 29, 102, 101,  36,  37, 358, 357, 359, 360
 30, 103, 102,  37,   3, 361, 360, 362, 363
 31, 150, 234, 209, 172, 364, 365, 366, 367
 32,  39, 104,  87,  38, 368, 369, 275, 370
 33,  40, 105, 104,  39, 371, 372, 368, 373
 34,  41, 106, 105,  40, 374, 375, 371, 376
 35,  42, 107, 106,  41, 377, 378, 374, 379
 36,  43, 108, 107,  42, 380, 381, 377, 382
 37,  44, 109, 108,  43, 383, 384, 380, 385
 38,  45, 110, 109,  44, 386, 290, 383, 387
 39, 123,  59,  58, 122, 388, 389, 390, 391
 40,  83,  82, 204, 146, 392, 393, 394, 395
 41,  47,  13,  74, 138, 396, 397, 398, 399
 42,  47, 138, 149,  48, 399, 400, 401, 402
 43, 171, 191, 136, 135, 403, 404, 405, 406
 44,  49, 113, 114,  50, 407, 408, 267, 409
 45,  51, 115, 116,  52, 269, 410, 411, 412
 46, 115, 151, 152, 116, 413, 414, 415, 410
 47, 153, 117, 116, 152, 416, 417, 415, 418
 48, 153, 154, 118, 117, 419, 420, 421, 416
 49, 154, 155, 119, 118, 422, 423, 424, 420
 50, 155, 156, 120, 119, 425, 426, 427, 423
 51, 156, 157, 121, 120, 428, 429, 430, 426
 52, 250, 226, 255, 231, 431, 432, 433, 434
 53, 231, 207, 194, 125, 435, 436, 437, 438
 54, 167, 159, 227, 158, 439, 440, 441, 442
 55, 161, 160, 225, 224, 443, 444, 445, 446
 56, 160, 161, 127, 126, 443, 447, 448, 449
 57,  64, 128, 129,  65, 450, 451, 271, 452
 58,  66, 130, 131,  67, 273, 453, 454, 455
 59, 131, 130, 162, 163, 453, 456, 457, 458
 60, 163, 164, 132, 131, 459, 460, 461, 458
 61,  70, 134, 135,  71, 462, 463, 464, 465
 62,  71, 135, 136,  72, 464, 405, 466, 467
 63,  72, 136, 137,  73, 466, 468, 469, 470
 64,  73, 137, 138,  74, 469, 471, 398, 472
 65,  18,  88, 139,  17, 303, 307, 473, 474
 66,  17, 139, 140,  16, 473, 475, 476, 477
 67,  15, 203,  80,   1, 478, 479, 480, 481
 68, 203,  15,  16, 140, 478, 482, 476, 483
 69,  10, 245, 246,  11, 484, 485, 486, 487
 70,  81,   5,  12, 111, 284, 488, 279, 297
 71,  82,  83,   7,   6, 392, 292, 489, 286
 72, 248, 244,  83, 146, 490, 293, 395, 491
 73,  46, 112, 110,  45, 492, 493, 386, 494
 74,  11, 246, 247,   4, 486, 302, 495, 496
 75,  52, 116, 117,  53, 411, 417, 497, 498
 76,  89,  19,  20,  90, 305, 499, 310, 315
 77, 143,  77,  78, 141, 500, 501, 502, 259
 78, 143, 144,  76,  77, 503, 504, 505, 500
 79, 199, 233, 193, 253, 506, 507, 508, 509
 80, 166, 230, 165,  93, 510, 331, 325, 511
 81,  24,  25, 240, 243, 512, 513, 514, 321
 82,  94, 158, 166,  93, 515, 516, 511, 333
 83, 207, 227, 159, 225, 517, 440, 518, 519
 84,  61, 125, 126,  62, 520, 521, 522, 523
 85,  62, 126, 127,  63, 522, 448, 524, 525
 86,  63, 127, 128,  64, 524, 526, 450, 527
 87, 100,  99,  33,  34, 528, 350, 529, 352
 88, 161, 168, 128, 127, 530, 531, 526, 447
 89, 222, 183, 184, 223, 532, 533, 534, 535
 90,  67, 131, 132,  68, 454, 461, 536, 537
 91,  68, 132, 133,  69, 536, 538, 539, 540
 92, 147,   3,  85, 238, 541, 277, 542, 543
 93,  69, 133, 134,  70, 539, 544, 462, 545
 94,  53, 117, 118,  54, 497, 421, 546, 547
 95,  54, 118, 119,  55, 546, 424, 548, 549
 96,  55, 119, 120,  56, 548, 427, 550, 551
 97,  56, 120, 121,  57, 550, 430, 552, 553
 98,  57, 121, 122,  58, 552, 554, 390, 555
 99, 124, 123, 170, 196, 556, 557, 558, 559
100, 112,  46,   4, 247, 492, 560, 495, 561
101, 112, 200, 195, 110, 562, 563, 287, 493
102, 124,  60,  59, 123, 281, 564, 388, 556
103, 204, 200,  84, 146, 565, 566, 300, 394
104, 113,  49,  48, 149, 407, 567, 401, 568
105, 235, 219, 208, 147, 569, 570, 571, 572
106, 172, 114, 113, 150, 573, 408, 574, 367
107, 215, 209, 239, 238, 575, 576, 577, 578
108, 215, 173, 152, 151, 579, 580, 414, 581
109, 210, 211, 154, 153, 582, 583, 419, 584
110, 154, 211, 212, 155, 583, 585, 586, 422
111, 155, 212, 213, 156, 586, 587, 588, 425
112, 217, 177, 178, 228, 589, 590, 591, 592
113, 228, 178, 179, 229, 591, 593, 594, 595
114, 157, 180, 122, 121, 596, 597, 554, 429
115, 109, 181, 179, 108, 289, 598, 599, 384
116, 145, 232, 205, 241, 600, 601, 602, 295
117, 125,  61,  14, 197, 520, 603, 604, 605
118, 142, 197,  14,  75, 606, 604, 607, 608
119, 182, 224, 225, 159, 609, 445, 518, 610
120, 224, 182, 183, 222, 609, 611, 532, 612
121, 223, 184, 185, 221, 534, 613, 614, 615
122, 100, 185, 184,  99, 616, 613, 617, 528
123, 185, 186, 218, 221, 618, 619, 620, 614
124, 186, 187, 214, 218, 621, 622, 623, 619
125, 187, 188, 258, 214, 624, 625, 626, 622
126, 164, 189, 133, 132, 627, 628, 538, 460
127, 220, 189, 258, 188, 629, 630, 625, 631
128, 235, 239, 216, 219, 632, 633, 634, 569
129, 216, 234, 191, 171, 635, 636, 403, 637
130, 191, 201, 137, 136, 638, 639, 468, 404
131, 201, 149, 138, 137, 640, 400, 471, 639
132,  78,  79, 242, 141, 641, 642, 643, 502
133, 242, 203, 140, 251, 644, 483, 645, 646
134,  75,  76, 144, 142, 647, 504, 648, 608
135,  89, 192, 198,  88, 314, 649, 308, 306
136, 111, 124, 196, 145, 282, 559, 650, 298
137, 103,   3, 147, 208, 363, 541, 571, 651
138, 173, 215, 238,  85, 579, 578, 542, 652
139,  91,  92, 202, 148, 264, 653, 654, 327
140, 227, 207, 231, 255, 517, 435, 433, 655
141, 113, 149, 201, 150, 568, 640, 656, 574
142, 151, 115, 114, 172, 413, 268, 573, 657
143,  87, 174, 173,  85, 658, 659, 652, 276
144, 104, 175, 174,  87, 660, 661, 658, 369
145, 105, 176, 175, 104, 662, 663, 660, 372
146, 106, 177, 176, 105, 664, 665, 662, 375
147, 107, 178, 177, 106, 666, 590, 664, 378
148, 108, 179, 178, 107, 599, 593, 666, 381
149, 159, 167,  95,  96, 439, 667, 339, 668
150,  96,  97, 182, 159, 342, 669, 610, 668
151, 182,  97,  98, 183, 669, 345, 670, 611
152, 126, 125, 194, 160, 521, 437, 671, 449
153, 130, 129, 169, 162, 272, 672, 673, 456
154,  86, 186, 185, 100, 674, 618, 616, 351
155, 101, 187, 186,  86, 675, 621, 674, 355
156, 102, 188, 187, 101, 676, 624, 675, 358
157,  25,  26, 165, 240, 677, 326, 330, 513
158, 256, 230, 257, 253, 678, 679, 680, 681
159, 158,  94,  95, 167, 515, 336, 667, 442
160,  99, 184, 183,  98, 617, 533, 670, 348
161, 129, 128, 168, 169, 451, 531, 682, 672
162, 123, 122, 180, 170, 391, 597, 683, 557
163, 205, 232, 195, 200, 601, 684, 563, 685
164, 135, 134, 190, 171, 463, 686, 687, 406
165, 174, 211, 210, 173, 688, 582, 689, 659
166, 175, 212, 211, 174, 690, 585, 688, 661
167, 176, 213, 212, 175, 691, 587, 690, 663
168, 177, 217, 213, 176, 589, 692, 691, 665
169, 180, 228, 229, 170, 693, 595, 694, 683
170, 228, 180, 157, 217, 693, 596, 695, 592
171, 232, 254, 181, 195, 696, 697, 288, 684
172, 188, 102, 103, 220, 676, 361, 698, 631
173, 252, 208, 219, 190, 699, 570, 700, 701
174, 133, 189, 190, 134, 628, 702, 686, 544
175, 189, 164, 214, 258, 627, 703, 626, 630
176, 201, 191, 234, 150, 638, 636, 364, 656
177, 233, 198, 192, 193, 704, 649, 313, 507
178, 253, 257, 237, 199, 680, 705, 706, 509
179, 231, 125, 197, 250, 438, 605, 707, 434
180, 112, 247,  84, 200, 561, 301, 566, 562
181, 196, 254, 232, 145, 708, 696, 600, 650
182, 206, 142, 199, 237, 709, 710, 706, 711
183, 199, 142, 144, 233, 710, 648, 712, 506
184, 200, 204, 241, 205, 565, 713, 602, 685
185, 240, 202,  92, 243, 329, 653, 318, 514
186,  79,  80, 203, 242, 714, 479, 644, 642
187, 241, 204,  82,  81, 713, 393, 285, 296
188, 237, 257, 236, 206, 705, 715, 716, 711
189, 197, 142, 206, 250, 606, 709, 717, 707
190, 160, 194, 207, 225, 671, 436, 519, 444
191, 220, 103, 208, 252, 698, 651, 699, 718
192, 172, 209, 215, 151, 366, 575, 581, 657
193, 210, 153, 152, 173, 584, 418, 580, 689
194, 218, 214, 164, 163, 623, 703, 459, 719
195, 216, 239, 209, 234, 633, 576, 365, 635
196, 217, 157, 156, 213, 695, 428, 588, 692
197, 221, 218, 163, 162, 620, 719, 457, 720
198, 189, 220, 252, 190, 629, 718, 701, 702
199, 223, 221, 162, 169, 615, 720, 673, 721
200, 169, 168, 222, 223, 682, 722, 535, 721
201, 224, 222, 168, 161, 612, 722, 530, 446
202, 226, 236, 166, 158, 723, 724, 516, 725
203, 229, 179, 181, 254, 594, 598, 697, 726
204, 233, 144, 143, 198, 712, 503, 262, 704
205, 202, 230, 256, 148, 332, 678, 727, 654
206, 147, 238, 239, 235, 543, 577, 632, 572
207, 206, 236, 226, 250, 716, 723, 431, 717
208,   9,   8, 244, 248, 728, 294, 490, 729
209, 248, 245,  10,   9, 730, 484, 731, 729
210, 146, 246, 245, 248, 299, 485, 730, 491
211, 251, 249, 141, 242, 732, 260, 643, 646
212, 139, 249, 251, 140, 309, 732, 645, 475
213, 253, 193, 148, 256, 508, 328, 727, 681
214, 254, 196, 170, 229, 708, 558, 694, 726
215, 158, 227, 255, 226, 441, 655, 432, 725
216, 257, 230, 166, 236, 679, 510, 724, 715
217, 171, 190, 219, 216, 687, 700, 634, 637
