*Nset, nset=inlet
    5,    6,   11,   12,   54,   98,   99,  100,  101,  102,  103,  104,  105,  106,  107,  108
  109,  110,  207,  208,  209,  210,  211,  212, 1007, 1012, 1017, 1088, 1102, 1103, 1113, 1204
 1205, 1316, 1318, 1319, 1352, 1720, 1724, 1725, 1813, 1815, 1817, 1852, 1854, 1978, 2094, 2095
 2133, 2259, 2260, 2269, 2271, 2273, 2385, 2431, 2515, 2516, 2833, 2835, 2975, 3039, 3190, 3462
 3463, 3511, 3512, 3683, 3691, 3877, 4097, 4414, 4428, 4429, 4521
*Elset, elset=inlet
  116,  150,  158,  262,  288,  299,  337,  380,  393,  435,  440,  485,  494,  517,  625,  722
  930,  954, 1079, 1083, 1276, 1641, 1857, 2106, 2148, 2415, 2442, 2470
*Nset, nset=oulet
    7,    8,    9,   10,   64,   65,   66,   67,   68,   69,   70,   71,   72,   73,   74,   75
   76,   77,   78,   79,  191,  192,  193,  194,  195,  196,  197, 1033, 1133, 1136, 1141, 1168
 1174, 1239, 1241, 1243, 1248, 1311, 1315, 1486, 1497, 1506, 1668, 1669, 1761, 1763, 2810, 2857
 2859, 2860, 3468, 3469, 3697, 3936, 3946, 3948, 4114, 4116, 4117, 4194, 4196, 4228, 4229, 4249
 4452, 4455, 4456, 4461, 4463, 4464, 4465, 4466, 4467, 4470, 4471, 4472, 4474, 4475, 4477, 4484
 4485, 4486, 4489, 4490, 4507
*Elset, elset=oulet
  128,  272,  637,  933, 1390, 1665, 1787, 1808, 2214, 2225, 2227, 2233, 2234, 2235, 2247, 2253
 2254, 2269, 2270, 2271, 2286, 2297, 2306, 2307, 2311, 2313, 2329, 2354, 2361, 2370, 2410, 2456
