*Nset, nset=inlet
   5,   6,  11,  12,  54,  98,  99, 100, 101, 102, 103, 104, 105, 106, 107, 108
 109, 110, 207, 208, 209, 210, 211, 212
*Elset, elset=inlet
  116,  150,  158,  262,  288,  299,  337,  380,  393,  435,  440,  485,  494,  517,  625,  722
  930,  954, 1079, 1083, 1276, 1641, 1857, 2106, 2148, 2415, 2442, 2470
*Nset, nset=oulet
   7,   8,   9,  10,  64,  65,  66,  67,  68,  69,  70,  71,  72,  73,  74,  75
  76,  77,  78,  79, 191, 192, 193, 194, 195, 196, 197
*Elset, elset=oulet
  128,  272,  637,  933, 1390, 1665, 1787, 1808, 2214, 2225, 2227, 2233, 2234, 2235, 2247, 2253
 2254, 2269, 2270, 2271, 2286, 2297, 2306, 2307, 2311, 2313, 2329, 2354, 2361, 2370, 2410, 2456
