      1,          -5.,           0.,           3.
      2,          -5.,          30.,           3.
      3,          -5.,          30.,           0.
      4,          -5.,           0.,           0.
      5,          15.,          30.,           3.
      6,          15.,          30.,           0.
      7,         -25.,         -10.,           3.
      8,         -25.,           0.,           3.
      9,         -25.,           0.,           0.
     10,         -25.,         -10.,           0.
     11,           5.,          20.,           3.
     12,           5.,          20.,           0.
     13,           5.,         -10.,           0.
     14,           5.,         -10.,           3.
     15,          -5.,           2.,           3.
     16,          -5.,           4.,           3.
     17,          -5.,           6.,           3.
     18,          -5.,           8.,           3.
     19,          -5.,          10.,           3.
     20,          -5.,          12.,           3.
     21,          -5.,          14.,           3.
     22,          -5.,          16.,           3.
     23,          -5.,          18.,           3.
     24,          -5.,          20.,           3.
     25,          -5.,          22.,           3.
     26,          -5.,          24.,           3.
     27,          -5.,          26.,           3.
     28,          -5.,          28.,           3.
     29,          -5.,          30.,          1.5
     30,          -5.,          28.,           0.
     31,          -5.,          26.,           0.
     32,          -5.,          24.,           0.
     33,          -5.,          22.,           0.
     34,          -5.,          20.,           0.
     35,          -5.,          18.,           0.
     36,          -5.,          16.,           0.
     37,          -5.,          14.,           0.
     38,          -5.,          12.,           0.
     39,          -5.,          10.,           0.
     40,          -5.,           8.,           0.
     41,          -5.,           6.,           0.
     42,          -5.,           4.,           0.
     43,          -5.,           2.,           0.
     44,          -5.,           0.,          1.5
     45,          -3.,          30.,           3.
     46,          -1.,          30.,           3.
     47,           1.,          30.,           3.
     48,           3.,          30.,           3.
     49,           5.,          30.,           3.
     50,           7.,          30.,           3.
     51,           9.,          30.,           3.
     52,          11.,          30.,           3.
     53,          13.,          30.,           3.
     54,          15.,          30.,          1.5
     55,          13.,          30.,           0.
     56,          11.,          30.,           0.
     57,           9.,          30.,           0.
     58,           7.,          30.,           0.
     59,           5.,          30.,           0.
     60,           3.,          30.,           0.
     61,           1.,          30.,           0.
     62,          -1.,          30.,           0.
     63,          -3.,          30.,           0.
     64,  -26.9134178,  -9.61939812,           3.
     65,  -28.5355339,  -8.53553391,           3.
     66,  -29.6193981,  -6.91341734,           3.
     67,         -30.,          -5.,           3.
     68,  -29.6193981,   -3.0865829,           3.
     69,  -28.5355339,  -1.46446609,           3.
     70,  -26.9134178,  -0.38060233,           3.
     71,         -25.,           0.,          1.5
     72,  -26.9134178,  -0.38060233,           0.
     73,  -28.5355339,  -1.46446609,           0.
     74,  -29.6193981,   -3.0865829,           0.
     75,         -30.,          -5.,           0.
     76,  -29.6193981,  -6.91341734,           0.
     77,  -28.5355339,  -8.53553391,           0.
     78,  -26.9134178,  -9.61939812,           0.
     79,         -25.,         -10.,          1.5
     80,         -23.,           0.,           3.
     81,         -21.,           0.,           3.
     82,         -19.,           0.,           3.
     83,         -17.,           0.,           3.
     84,         -15.,           0.,           3.
     85,         -13.,           0.,           3.
     86,         -11.,           0.,           3.
     87,          -9.,           0.,           3.
     88,          -7.,           0.,           3.
     89,          -7.,           0.,           0.
     90,          -9.,           0.,           0.
     91,         -11.,           0.,           0.
     92,         -13.,           0.,           0.
     93,         -15.,           0.,           0.
     94,         -17.,           0.,           0.
     95,         -19.,           0.,           0.
     96,         -21.,           0.,           0.
     97,         -23.,           0.,           0.
     98,   13.5714283,   28.5714283,           3.
     99,   12.1428576,   27.1428566,           3.
    100,   10.7142859,   25.7142849,           3.
    101,   9.28571415,   24.2857151,           3.
    102,   7.85714293,   22.8571434,           3.
    103,   6.42857122,   21.4285717,           3.
    104,           5.,          20.,          1.5
    105,   6.42857122,   21.4285717,           0.
    106,   7.85714293,   22.8571434,           0.
    107,   9.28571415,   24.2857151,           0.
    108,   10.7142859,   25.7142849,           0.
    109,   12.1428576,   27.1428566,           0.
    110,   13.5714283,   28.5714283,           0.
    111,           5.,          18.,           0.
    112,           5.,          16.,           0.
    113,           5.,          14.,           0.
    114,           5.,          12.,           0.
    115,           5.,          10.,           0.
    116,           5.,           8.,           0.
    117,           5.,           6.,           0.
    118,           5.,           4.,           0.
    119,           5.,           2.,           0.
    120,           5.,           0.,           0.
    121,           5.,          -2.,           0.
    122,           5.,          -4.,           0.
    123,           5.,          -6.,           0.
    124,           5.,          -8.,           0.
    125,           3.,         -10.,           0.
    126,           1.,         -10.,           0.
    127,          -1.,         -10.,           0.
    128,          -3.,         -10.,           0.
    129,          -5.,         -10.,           0.
    130,          -7.,         -10.,           0.
    131,          -9.,         -10.,           0.
    132,         -11.,         -10.,           0.
    133,         -13.,         -10.,           0.
    134,         -15.,         -10.,           0.
    135,         -17.,         -10.,           0.
    136,         -19.,         -10.,           0.
    137,         -21.,         -10.,           0.
    138,         -23.,         -10.,           0.
    139,           3.,         -10.,           3.
    140,           1.,         -10.,           3.
    141,          -1.,         -10.,           3.
    142,          -3.,         -10.,           3.
    143,          -5.,         -10.,           3.
    144,          -7.,         -10.,           3.
    145,          -9.,         -10.,           3.
    146,         -11.,         -10.,           3.
    147,         -13.,         -10.,           3.
    148,         -15.,         -10.,           3.
    149,         -17.,         -10.,           3.
    150,         -19.,         -10.,           3.
    151,         -21.,         -10.,           3.
    152,         -23.,         -10.,           3.
    153,           5.,         -10.,          1.5
    154,           5.,          -8.,           3.
    155,           5.,          -6.,           3.
    156,           5.,          -4.,           3.
    157,           5.,          -2.,           3.
    158,           5.,           0.,           3.
    159,           5.,           2.,           3.
    160,           5.,           4.,           3.
    161,           5.,           6.,           3.
    162,           5.,           8.,           3.
    163,           5.,          10.,           3.
    164,           5.,          12.,           3.
    165,           5.,          14.,           3.
    166,           5.,          16.,           3.
    167,           5.,          18.,           3.
    168,          -5.,           2.,          1.5
    169,          -5.,           4.,          1.5
    170,          -5.,           6.,          1.5
    171,          -5.,           8.,          1.5
    172,          -5.,          10.,          1.5
    173,          -5.,          12.,          1.5
    174,          -5.,          14.,          1.5
    175,          -5.,          16.,          1.5
    176,          -5.,          18.,          1.5
    177,          -5.,          20.,          1.5
    178,          -5.,          22.,          1.5
    179,          -5.,          24.,          1.5
    180,          -5.,          26.,          1.5
    181,          -5.,          28.,          1.5
    182,          -3.,          30.,          1.5
    183,          -1.,          30.,          1.5
    184,           1.,          30.,          1.5
    185,           3.,          30.,          1.5
    186,           5.,          30.,          1.5
    187,           7.,          30.,          1.5
    188,           9.,          30.,          1.5
    189,          11.,          30.,          1.5
    190,          13.,          30.,          1.5
    191,  -26.9134178,  -9.61939716,          1.5
    192,  -28.5355339,  -8.53553391,          1.5
    193,  -29.6193981,  -6.91341734,          1.5
    194,         -30.,          -5.,          1.5
    195,  -29.6193981,  -3.08658314,          1.5
    196,  -28.5355339,  -1.46446609,          1.5
    197,  -26.9134178, -0.380602568,          1.5
    198,         -23.,           0.,          1.5
    199,         -21.,           0.,          1.5
    200,         -19.,           0.,          1.5
    201,         -17.,           0.,          1.5
    202,         -15.,           0.,          1.5
    203,         -13.,           0.,          1.5
    204,         -11.,           0.,          1.5
    205,          -9.,           0.,          1.5
    206,          -7.,           0.,          1.5
    207,   13.5714283,   28.5714283,          1.5
    208,   12.1428566,   27.1428566,          1.5
    209,   10.7142849,   25.7142849,          1.5
    210,    9.2857151,   24.2857151,          1.5
    211,    7.8571434,   22.8571434,          1.5
    212,    6.4285717,   21.4285717,          1.5
    213,   -26.305706,  -7.90332747,           0.
    214,   -28.155962,  -6.51537371,           0.
    215,  -27.8773251,  -4.67539501,           0.
    216,  -27.0272655,  -2.72013712,           0.
    217,  -25.5365906,  -1.58228397,           0.
    218,   3.38657165,   18.9370136,           0.
    219,   3.34810138,   16.9859753,           0.
    220,   2.30028129,  -8.19188595,           0.
    221,  -7.99954081,  -8.32337379,           0.
    222,   11.9873343,   28.7444916,           0.
    223,   10.2180414,   27.9994011,           0.
    224,    7.9485321,   28.1516953,           0.
    225,   5.94180536,   28.2086601,           0.
    226,   3.96720767,   28.1961746,           0.
    227,   1.97726238,   28.1787319,           0.
    228, -0.00376481819,   28.1348019,           0.
    229,   3.33779669,   14.9954481,           0.
    230,   3.34341145,   12.9986448,           0.
    231,   3.34816504,   10.9996281,           0.
    232,   3.34998894,   8.99990463,           0.
    233,   3.35103011,   6.99998713,           0.
    234,   3.34591722,   5.00012112,           0.
    235,   3.32974815,   3.00047636,           0.
    236,  -3.30104923,   1.12061954,           0.
    237,   3.30582833,  0.999645531,           0.
    238,   3.26744413,  -1.01174676,           0.
    239,   3.23254204,  -3.02513552,           0.
    240,   3.22746491,  -5.00735426,           0.
    241,  0.125864893,  -8.19880867,           0.
    242,  -1.95259428,  -8.25788021,           0.
    243,   -3.9790709,  -8.28779507,           0.
    244,   -5.9936533,  -8.31112957,           0.
    245,  -9.99987125,  -8.34032059,           0.
    246,  -11.9999733,  -8.34736156,           0.
    247,  -13.9999971,  -8.34980202,           0.
    248,   -16.000042,  -8.35056019,           0.
    249,   -18.000555,  -8.34514236,           0.
    250,  -19.9955425,  -8.32961464,           0.
    251,   -21.993103,   -8.2921648,           0.
    252,   -23.880455,  -1.61863601,           0.
    253,  -24.0297127,  -8.19386864,           0.
    254,  -5.98779154,  -1.70945942,           0.
    255,  -7.99603605,  -1.70893145,           0.
    256,  -9.99932861,  -1.71347344,           0.
    257,  -11.9998837,  -1.71572149,           0.
    258,  -13.9999828,  -1.71661294,           0.
    259,  -16.0000401,  -1.71677935,           0.
    260,  -17.9996223,   -1.7104063,           0.
    261,  -19.9913712,   -1.6921308,           0.
    262,  -21.9629421,  -1.65836167,           0.
    263,  -3.21494341,   27.0176201,           0.
    264,  -3.19096065,   25.0468845,           0.
    265,  -3.23309588,   23.0263557,           0.
    266,  -3.25481319,   21.0186157,           0.
    267,  -3.27910972,   19.0079117,           0.
    268,   -3.2933979,   17.0012188,           0.
    269,   -3.2936852,   14.9998598,           0.
    270,  -3.28919601,   12.9998322,           0.
    271,  -3.28525257,   10.9999323,           0.
    272,  -3.28371406,   8.99997997,           0.
    273,  -3.28341293,   7.00000477,           0.
    274,  -3.28900743,   5.00222397,           0.
    275,  -3.30309677,   3.02520418,           0.
    276,   8.73019791,   26.2190838,           0.
    277,   4.54118633,   22.0047741,           0.
    278,   7.42462921,   24.7130165,           0.
    279,   6.02696609,   23.3942299,           0.
    280,  -24.8563957,  -3.11718678,           0.
    281,   -24.946146,  -6.36703444,           0.
    282,  -25.8719406,  -4.62668705,           0.
    283,   3.37257266,  -6.68808889,           0.
    284,   -3.2203784, -0.410374641,           0.
    285,  -3.15555429,   28.8420467,           0.
    286,  -6.99105167,   -6.6622839,           0.
    287,  0.924539447,   26.3879261,           0.
    288,   4.92946625,   26.4315262,           0.
    289,   6.80361271,   26.4637012,           0.
    290,   1.64920843,   2.00821686,           0.
    291,   1.45457661,  -2.03139186,           0.
    292,  -4.96685362,  -6.63224268,           0.
    293,  -8.99611664,  -3.39039421,           0.
    294,  -10.9990063,  -3.39627552,           0.
    295,  -12.9997768,  -3.40000606,           0.
    296,  -15.0000181,  -3.40145826,           0.
    297,  -17.0002728,  -3.39269829,           0.
    298,  -18.9931393,  -3.37104082,           0.
    299,  -20.9705276,  -3.32941294,           0.
    300,  -1.22780561,   26.2231712,           0.
    301,  -1.58574963,   18.0088806,           0.
    302,    -1.609972,   16.0009174,           0.
    303,  -1.61156523,   13.9994307,           0.
    304,  -1.60541141,   11.9996424,           0.
    305,  -1.60035121,   9.99989223,           0.
    306,  -1.59915829,    8.0000639,           0.
    307,  -1.60546947,   6.00123978,           0.
    308,  -1.62370825,   4.01157475,           0.
    309,   2.93870592,   26.3435307,           0.
    310,   1.57010221, 0.0107017411,           0.
    311,   1.42449868,  -4.06793404,           0.
    312,   1.34569585,  -6.23384285,           0.
    313, -0.904468536,  -6.52392244,           0.
    314,  -2.93553877,  -6.59428453,           0.
    315,    -6.982306,  -3.37107468,           0.
    316,  -8.99717426,  -6.68854713,           0.
    317,  -10.9992886,    -6.703053,           0.
    318,  -12.9998407,  -6.70942545,           0.
    319,  -15.0000305,  -6.71176815,           0.
    320,  -17.0006504,  -6.70370054,           0.
    321,  -18.9951038,  -6.68359423,           0.
    322,  -20.9824696,  -6.64067984,           0.
    323,  -1.46663511,   24.0676746,           0.
    324,  -1.49238956,   22.0667458,           0.
    325,  -1.53454971,   20.0356941,           0.
    326,   1.70136273,   15.9944801,           0.
    327,   1.69839132,   13.9973431,           0.
    328,   1.70475078,   11.9990263,           0.
    329,   1.71005559,   9.99972153,           0.
    330,   1.71182001,   8.00001907,           0.
    331,     1.706164,   6.00062752,           0.
    332,    1.6866256,   4.00400639,           0.
    333,  -1.66001523,    2.0621922,           0.
    334,   1.75046194,   17.9883938,           0.
    335,  -22.9704971,  -6.54794025,           0.
    336,   -22.923645,  -3.25291491,           0.
    337,    3.4226315,   20.6381989,           0.
    338,   4.05239105,    24.292717,           0.
    339,  -23.9212818,  -4.81074572,           0.
    340,   1.87954295,   19.9881954,           0.
    341,  -26.6314163,  -6.01756334,           0.
    342, 0.0727133825,   17.0013618,           0.
    343,  -1.75470424,  0.215997294,           0.
    344,  -4.96140337,  -3.34719872,           0.
    345,  -5.96986437,  -5.00149345,           0.
    346,  -0.61912328,  -3.11158442,           0.
    347,   -7.9892354,  -5.02922392,           0.
    348,  -9.99677181,  -5.04639959,           0.
    349,  -11.9991093,  -5.05490255,           0.
    350,  -13.9998217,  -5.05877161,           0.
    351,  -16.0003338,  -5.05356693,           0.
    352,  -17.9963493,  -5.03750277,           0.
    353,  -3.93731332,  -4.96110964,           0.
    354,  -1.90354121,  -4.90792704,           0.
    355, -0.247421086, -0.908525825,           0.
    356, -0.0691805482,   1.06677687,           0.
    357, 0.00731654838,   3.02588105,           0.
    358,  0.040642105,   5.00729322,           0.
    359, 0.0547246039,     7.001544,           0.
    360, 0.0581785217,   9.00017071,           0.
    361, 0.0539590791,   10.9995632,           0.
    362,  0.260542542,   21.0880489,           0.
    363,  0.242540181,   23.1542778,           0.
    364, 0.0476955213,   12.9987068,           0.
    365, 0.0486355461,   24.8792458,           0.
    366, 0.0497709252,   14.9987068,           0.
    367,  0.140493557,   19.0184288,           0.
    368,   1.75327337,   24.5518761,           0.
    369,  -19.9827766,  -5.00249004,           0.
    370,  -21.9585323,  -4.93069744,           0.
    371,   2.30744386,   22.2454414,           0.
    372,  -4.02728987,  -1.72113705,           0.
    373,  -2.12879086,  -1.53657901,           0.
    374, -0.131387681,   -4.9690423,           0.
    375,  -2.92957711,    -3.264256,           0.
    376,  -1.72041357,   28.0435276,           0.
    377,   5.84741306,   25.0590382,           0.
    378,           3.,         -10.,          1.5
    379,           1.,         -10.,          1.5
    380,          -1.,         -10.,          1.5
    381,          -3.,         -10.,          1.5
    382,          -5.,         -10.,          1.5
    383,          -7.,         -10.,          1.5
    384,          -9.,         -10.,          1.5
    385,         -11.,         -10.,          1.5
    386,         -13.,         -10.,          1.5
    387,         -15.,         -10.,          1.5
    388,         -17.,         -10.,          1.5
    389,         -19.,         -10.,          1.5
    390,         -21.,         -10.,          1.5
    391,         -23.,         -10.,          1.5
    392,  -27.6720848,  -7.30235291,           3.
    393,  -25.9974842,  -2.05556726,           3.
    394,  -27.4818287,  -3.61362958,           3.
    395,  -25.8322964,   -7.8266077,           3.
    396,   -11.999999,  -1.68234706,           3.
    397,  -5.94313765,  -1.60986042,           3.
    398,   3.29055166,   16.9851685,           3.
    399,   4.45167303,   22.0995369,           3.
    400,  -23.8908463,  -1.70597911,           3.
    401,  -23.9312706,  -8.12011242,           3.
    402,  -21.9638481,  -1.68259311,           3.
    403,  -19.9943714,  -1.69473791,           3.
    404,  -17.9990501,  -1.68422067,           3.
    405,  -15.9998369,   -1.6718086,           3.
    406,  -13.9999723,  -1.66184533,           3.
    407,         -10.,  -1.68713868,           3.
    408,  -7.99052286,   -1.6805892,           3.
    409,    2.0010643,   -8.2186594,           3.
    410, 0.0243201964,  -8.21334076,           3.
    411,  -2.00304556,  -8.26478386,           3.
    412,  -4.00178909,  -8.27047443,           3.
    413,  -6.00049639,  -8.28332806,           3.
    414,  -8.00008583,  -8.29412174,           3.
    415,  -10.0000153,   -8.2850256,           3.
    416,  -12.0000029,   -8.2729187,           3.
    417,  -14.0000019,  -8.26909065,           3.
    418,  -16.0000038,  -8.26816654,           3.
    419,  -18.0000401,  -8.27898788,           3.
    420,  -19.9982243,  -8.29229164,           3.
    421,  -21.9760704,  -8.25049019,           3.
    422,   3.34469557,    18.948122,           3.
    423,   3.31284094,   14.9972305,           3.
    424,   3.32772541,   12.9995337,           3.
    425,   3.33020377,   10.9999218,           3.
    426,   3.33054948,   8.99998665,           3.
    427,   3.33019543,   6.99999762,           3.
    428,   3.32766438,   4.99999952,           3.
    429,   3.31241035,           3.,           3.
    430,   3.28807354,           1.,           3.
    431,   3.27312016,          -1.,           3.
    432,   3.22961926,  -3.01492834,           3.
    433,   3.14174652,  -5.00727701,           3.
    434,   11.9886026,   28.7439499,           3.
    435,   10.2223091,   28.0099869,           3.
    436,   8.74394703,   26.3400269,           3.
    437,   7.33801413,   25.0578175,           3.
    438,   5.86059856,   23.6600056,           3.
    439,   -2.2643137,   28.2269363,           3.
    440, -0.0861351639,   28.2278938,           3.
    441,   1.99032128,    28.267046,           3.
    442,   4.04538488,   28.2162075,           3.
    443,   6.05154324,   28.2459641,           3.
    444,   8.00186539,   28.2414551,           3.
    445,  -3.40830898,  0.924968421,           3.
    446,  -3.30989337,   2.98165798,           3.
    447,   -3.2788012,   4.99520159,           3.
    448,  -3.27052999,   6.99878168,           3.
    449,  -3.26852989,   8.99970627,           3.
    450,  -3.26807523,   10.9999323,           3.
    451,  -3.26797628,   12.9999847,           3.
    452,  -3.27892208,   14.9998322,           3.
    453,  -3.29343462,   16.9996014,           3.
    454,   -3.2867744,   18.9996758,           3.
    455,  -3.27015114,   21.0028019,           3.
    456,  -3.23303938,   23.0357018,           3.
    457,  -3.20237446,   25.0381622,           3.
    458,  -24.7882099,   -6.1633153,           3.
    459,  -25.5317612,  -4.22908258,           3.
    460,  -28.5072937,  -5.26627922,           3.
    461,   3.83550382,  -8.15500355,           3.
    462,  -3.74899864,  -1.33280087,           3.
    463,   -3.3478806,   26.7137241,           3.
    464,   1.51555252,  -2.04536247,           3.
    465,  -15.0000057,  -6.56836081,           3.
    466,  -8.99982738,  -6.60603428,           3.
    467,   1.45527041,  -4.05476809,           3.
    468,  -6.99910355,  -6.60952711,           3.
    469,  -10.9999437,   -6.5913105,           3.
    470,  -12.9999886,  -6.58525562,           3.
    471,  -17.0000877,  -6.60000849,           3.
    472,  -19.0005779,  -6.62213278,           3.
    473,  -20.9735966,  -6.58370972,           3.
    474,  -1.47766602,   24.1000767,           3.
    475,  0.918111205,   26.5115223,           3.
    476,   7.08704948,   26.8202515,           3.
    477,  -1.68695462,   1.96736991,           3.
    478,  -1.61497223,   3.98856497,           3.
    479,  -1.58633566,   5.99637461,           3.
    480,  -1.57707214,   7.99893951,           3.
    481,  -1.57445228,   9.99971008,           3.
    482,  -1.57377625,   11.9999247,           3.
    483,  -1.59364676,   13.9995565,           3.
    484,  -1.60847127,   15.9984522,           3.
    485,  -1.60566819,   17.9957466,           3.
    486,   -1.5777142,    20.006649,           3.
    487, -0.972637832,  -6.43067217,           3.
    488,  -2.98368216,  -6.46470642,           3.
    489,  -4.99715376,   -6.5700798,           3.
    490,  -6.98099518,  -3.29927897,           3.
    491,  -8.99506092,  -3.31428504,           3.
    492,  -10.9991455,  -3.30655479,           3.
    493,  -12.9998493,  -3.29468536,           3.
    494,  -14.9999409,   -3.2891047,           3.
    495,  -16.9998455,  -3.31664085,           3.
    496,   -18.999855,  -3.33749247,           3.
    497,  -20.9650841,  -3.30871344,           3.
    498,   1.63550317,    1.9960568,           3.
    499,   1.58370912, -0.0155707942,           3.
    500,   1.22108173,  -6.21850872,           3.
    501,   2.97274899,   26.3760033,           3.
    502,   -1.5158354,   22.0674286,           3.
    503,   5.30623627,   26.0967464,           3.
    504,   1.68189394,   3.99753237,           3.
    505,   1.70251358,   5.99894476,           3.
    506,   1.70916855,   7.99963236,           3.
    507,   1.71093535,   9.99987316,           3.
    508,   1.71089721,   11.9998722,           3.
    509,   1.68963969,   13.9989119,           3.
    510,   1.67110741,   15.9908342,           3.
    511,  -1.34007156,   26.2580185,           3.
    512,   1.69891953,   17.9837952,           3.
    513,  -22.8383942,  -3.24282455,           3.
    514,  -22.9026661,  -6.45033932,           3.
    515,   3.36804581,   20.6780758,           3.
    516,  -23.7438965,  -4.69336462,           3.
    517,   2.23587608,   22.2976837,           3.
    518, 0.0413036644,   16.9916859,           3.
    519,  -4.99176311,   -3.2052331,           3.
    520,   -1.8116585, -0.111389153,           3.
    521, -0.172724068,  -3.10822511,           3.
    522,   -4.0276475,  -4.80730009,           3.
    523,  -5.99927855,  -4.90876389,           3.
    524,  -7.99568367,  -4.94580221,           3.
    525,   -9.9982729,  -4.94553566,           3.
    526, -0.0660967976,  0.966701627,           3.
    527, 0.00573131908,   2.98554349,           3.
    528, 0.0477913357,   4.99434376,           3.
    529, 0.0661922619,   6.99799967,           3.
    530, 0.0727624595,   8.99934959,           3.
    531,  0.074719131,   10.9997854,           3.
    532, 0.0610734336,   12.9994411,           3.
    533, 0.0435010307,     14.99648,           3.
    534, -0.127818704,  -1.08293331,           3.
    535,  -1.90944743,  -4.44073677,           3.
    536,  -11.9995337,  -4.93732786,           3.
    537,  -13.9998884,  -4.92888117,           3.
    538,  -16.0000019,  -4.94793653,           3.
    539,  0.207030982,   21.0956421,           3.
    540,  -18.0005646,  -4.96439552,           3.
    541,    0.2206081,   23.2154846,           3.
    542, 0.0914881453,    19.012516,           3.
    543,   1.70256925,    24.614912,           3.
    544,   3.75495028,    24.190815,           3.
    545,  -19.9797134,  -4.95263577,           3.
    546,   1.82434273,   20.0026398,           3.
    547,  -21.9005585,  -4.87193108,           3.
    548,  -1.84170723,  -2.21218348,           3.
    549,  -3.30391264,  -3.19965076,           3.
    550, -0.0756914467,  -4.85058212,           3.
    551, 0.00471020211,   24.9400024,           3.
    552,  -24.4004765,  -3.18536353,           3.
    553,  -26.6355801,  -5.73354435,           3.
    554,   3.03987932,  -6.71988964,           3.
    555,           5.,          18.,          1.5
    556,           5.,          16.,          1.5
    557,           5.,          14.,          1.5
    558,           5.,          12.,          1.5
    559,           5.,          10.,          1.5
    560,           5.,           8.,          1.5
    561,           5.,           6.,          1.5
    562,           5.,           4.,          1.5
    563,           5.,           2.,          1.5
    564,           5.,           0.,          1.5
    565,           5.,          -2.,          1.5
    566,           5.,          -4.,          1.5
    567,           5.,          -6.,          1.5
    568,           5.,          -8.,          1.5
    569,  -1.44212651,  -3.20783138,   1.49814999
    570,  0.631380796,  -2.57612514,   1.51759887
    571, -0.335051537,   -4.1186676,    1.4179033
    572,  -1.71262562,  -5.46040297,   1.64412594
    573,  -2.78925753,   -2.3748498,   1.51736224
    574,  -3.70503116,  -3.74460793,   1.42776024
    575,   3.67981482, -0.842577398,   1.53207076
    576,   2.44510102,  0.492233783,   1.49942422
    577,   3.71798277,  -2.65311646,    1.6272397
    578,   2.38977885,  -1.52956867,   1.50294745
    579,   2.32127619,  -8.65142345,   1.87236953
    580,   3.65990138,  -8.77624607,   1.37962997
    581,  -3.55318022,   27.6142883,   1.52010727
    582,  -3.05835414,   25.3810806,   1.38989735
    583,  -2.26834369,   26.1341019,   1.58286917
    584,   9.22777176,   26.1185036,   1.19354498
    585,   5.59319353,   22.8131847,   1.74110496
    586,   1.67166901,  -7.26080847,   1.52318585
    587, 0.0749671534,  -8.20609283,   1.50369704
    588,   3.86166978,  -6.49129295,   1.59819901
    589,  -4.23500347,  -6.16356182,   1.49885976
    590,  -3.46741509,   -7.4304204,    1.4964968
    591,   -4.9979744,  -4.90431976,   1.50120854
    592,  -5.00047731,  -8.29085827,   1.49584687
    593,  -5.99640036,  -6.61628962,   1.49653947
    594,   9.31875896,   27.6795177,   1.56493962
    595,   2.39614701,  -3.52825928,   1.45565224
    596,   3.40306163,  -5.58019972,   1.23312104
    597,  0.699963331,   21.8751888,    1.5195657
    598,   3.03241396,   23.2197666,   1.50252843
    599,   2.05965352,   21.0950756,   1.53874373
    600,  0.981408238,   23.8788605,   1.51082611
    601, -0.118854061,   20.4235592,   1.68314326
    602,  -1.91095054,  -8.73649311,   1.42887485
    603,  -1.45164716,  -7.39100695,   1.49423349
    604,   7.93400192,   24.7322769,   1.48853827
    605,   6.38051891,   24.8563747,   1.20278907
    606,   5.48931074,   27.3368111,   1.49680459
    607,  -26.3854275,  -1.60240698,   1.05168509
    608,  -26.8704262,  -1.90395629,    1.9609282
    609,  -24.8911839,  -2.49337292,   1.20345032
    610,  -26.2498512,  -3.44013405,   1.50927258
    611,  -28.2613792,  -3.22298169,   1.00261986
    612,  -3.70017958,   23.1491776,   1.43601239
    613,  -2.38644481,    21.542345,   1.49806452
    614,  -2.35034633,   23.5067463,   1.52986729
    615,   7.81644773,    26.831131,   1.69576526
    616,  -25.4283733,  -8.60465527,   1.50599456
    617,  -22.9956799,  -8.22237778,    1.5105325
    618,   -24.443018,  -7.23612928,   1.48726118
    619,  -26.8550682,  -8.27114391,   1.72764504
    620,  -26.4938545,  -6.92530727,   1.37940478
    621, 0.0455958098,   13.9984646,   1.50131404
    622,  -24.9550781,  -1.26521802,   2.14756632
    623,  0.146765038,  -6.37287283,   1.48370945
    624,   2.31880188,   25.4766502,   1.50445819
    625,   -28.872221,  -5.77832842,  0.914474428
    626,  -27.2483559,  -5.87159586,   1.40273023
    627,  -27.4686737,  -4.29896355,   1.92815912
    628, -0.758718312,   24.4792671,   1.43669653
    629, -0.678055465,   27.2219543,   1.50911009
    630,  0.455603093,   25.6497593,   1.52943408
    631,  -0.63547498,   22.6413918,   1.50072968
    632,   3.32870412,   4.00080061,   1.50084376
    633,   1.69457543,   5.00222254,   1.50112307
    634,   1.66556895,   3.00381708,   1.50142527
    635,   3.30912137,   2.00117517,   1.50202954
    636,    3.3327632,    13.997632,   1.49978626
    637,   1.70464909,    12.997901,   1.50106037
    638,   -7.0019927,   -8.3033886,    1.4970355
    639,  -3.40977836, -0.882945895,   1.41459107
    640,   -3.5805335,   28.7616291,    1.5189985
    641,  -2.05645609,   28.8342705,    1.4291513
    642,    -2.471771,  0.290177554,   1.37368953
    643,  -4.80905056,  -1.73980296,   1.57153845
    644,    -1.137815,   -1.3119117,   1.48574471
    645,    3.3380537,     6.000247,   1.50028217
    646,   1.70767057,   7.00099611,   1.50129986
    647, 0.0534175262,   6.00268984,   1.50006557
    648,   4.16480684,   21.4964066,   1.88894224
    649,  -19.9839973,  -3.33972287,   1.50743401
    650,  -20.9471664,  -4.93683529,   1.50859988
    651,  -18.9903316,   -4.9949708,   1.50348043
    652,  -18.0021877,   -3.3650353,   1.50318682
    653,  -19.3438988,  -1.54766917,   1.22901917
    654,  -12.0010185,  -6.65043545,   1.49831247
    655,  -12.9967909,  -8.30835152,   1.49520838
    656,  -13.9989939,  -6.63895941,   1.49860895
    657,  -10.9972906,  -8.30670929,   1.49603212
    658,  -1.59952998,   12.9999475,   1.50052452
    659,    -1.587062,   11.0000219,   1.50017107
    660,   -3.3818779,   11.5370646,    1.0901866
    661,  -25.3317966,  -5.39255857,   1.49523401
    662,  0.991054296,    28.200779,   1.49664783
    663,   2.98019314,   28.2315598,   1.49783647
    664,   3.96792412,   26.4042416,   1.47421455
    665,   -3.2935586,   15.9996948,   1.49994874
    666,  -1.61001408,    14.999342,   1.50060427
    667, 0.0275294688,   4.00910711,   1.49847209
    668,  -1.63762379,   3.01990223,   1.49147427
    669,  0.440204799,    1.6410141,   1.58176029
    670,  -1.60505426,   5.00233984,   1.49752867
    671,   1.40136373,  -5.12677717,   1.52413499
    672,  -19.9849644,  -6.63362026,    1.5009321
    673,  -21.9441872,   -6.5453496,   1.50253117
    674,  -20.9834557,  -8.29014492,   1.49644256
    675,  -1.58871531,   8.99945068,    1.4999516
    676,   -3.2759769,    7.9991374,   1.49892533
    677,  -3.44091702,   9.65372658,   1.22793317
    678,   -1.5912807,   6.99967051,   1.49937284
    679, 0.0637476668,   8.00092983,   1.50072682
    680,   3.34638858,   17.9713039,   1.50650477
    681,   1.78910303,   18.9845467,   1.50216925
    682,   1.71077764,   16.9895248,   1.50013685
    683,   4.78216934,   24.6773586,   1.47930551
    684,   6.97367525,   28.2250881,   1.50267947
    685,  -1.58173728,   19.0060329,    1.4974004
    686, 0.0820819512,   18.0048485,   1.49688733
    687,  -24.1669903,  -3.97732401,   1.53826201
    688,  -3.30541658,   2.03996444,   1.48199069
    689,  -3.29098749,   4.00690365,   1.49497461
    690,  -3.27463722,   20.0045567,   1.49880564
    691,  -3.54559803,   18.5058136,   1.88627422
    692,  -3.27978516,   5.99918079,   1.49801612
    693,  -1.60782492,   16.9982014,    1.4998033
    694, 0.0580866113,   15.9974089,   1.50226045
    695,   3.44902277,   19.6855469,   1.61196113
    696,   3.31417227,   15.9904938,   1.50028217
    697,  -17.0030918,  -8.30676079,   1.49578416
    698,  -15.9995003,  -6.65591955,   1.49916482
    699,  -18.0004406,  -6.66292334,    1.4997406
    700,  -14.9968843,  -8.30911255,   1.49532521
    701, 0.0664499179,   10.0005846,   1.50090933
    702, 0.0575165153,   12.0001984,   1.50104892
    703,   1.70784724,   10.9985571,   1.50134254
    704,   -8.9980011,   -8.3042326,   1.49733484
    705,  -9.99762154,  -6.63997412,   1.49859476
    706,  -7.99493456,  -6.63417339,   1.49924743
    707,  0.720806003, -0.536333263,   1.50059581
    708, -0.924525023,  0.585071087,   1.47491002
    709,  -3.87446928,   13.4624662,   1.25597894
    710,  -22.4048138,   -4.0745821,    1.5216465
    711,  -18.9975662,  -8.31876373,   1.49726641
    712,   1.71137619,     9.000844,   1.50135112
    713,   3.33935928,   9.99976921,   1.50005698
    714,  -23.4126606,  -5.62943935,   1.49798191
    715,  -14.9995174,  -4.99118805,   1.50089216
    716,  -13.9979792,  -3.34796667,   1.50293314
    717,  -13.0001287,  -4.99185228,    1.5009464
    718,  -15.9987335,  -3.34083176,   1.50206089
    719,   -17.001358,  -5.00894117,   1.50136542
    720,   11.3844557,   28.3888321,    1.5613879
    721,  -9.99960518,  -3.34839129,   1.50295877
    722,  -9.17075729,  -1.68707192,   1.42428267
    723,  -11.3693581,   -1.5333854,   1.24190331
    724,  -8.99432659,  -4.98735714,   1.50085795
    725,  -7.99013138,  -3.34263897,   1.50215781
    726,  -6.99426222,  -4.96899462,          1.5
    727,  -5.97118521,  -3.32324147,   1.49998009
    728,  -17.5403576,  -1.09571421,   1.29723966
    729,  -14.9973946,  -1.68924117,   1.50391936
    730,   3.34079027,   7.99999809,   1.50001991
    731,   1.69549906,   14.9963551,   1.50051022
    732,  -13.0733433,  -1.72234654,   1.64526618
    733,  -12.0013609,  -3.34538412,   1.50289893
    734,   -6.9892683,  -1.69502187,   1.50016534
    735,   -10.998662,  -4.99183512,   1.50076389
    736,   3.33680511,   11.9991207,   1.50024223
    737,  -21.4625664,   -2.4859302,   1.50434983
    738,  -22.8880386,  -1.79667854,   1.59810781