      1,          15.,          30.
      2,          -5.,          30.
      3,          -5.,           0.
      4,         -25.,           0.
      5,  -26.9134178,  -9.61939812
      6,  -28.5355339,  -8.53553391
      7,  -29.6193981,  -6.91341734
      8,         -30.,          -5.
      9,  -29.6193981,   -3.0865829
     10,  -28.5355339,  -1.46446609
     11,  -26.9134178,  -0.38060233
     12,         -25.,         -10.
     13,           5.,         -10.
     14,           5.,          20.
     15,          13.,          30.
     16,          11.,          30.
     17,           9.,          30.
     18,           7.,          30.
     19,           5.,          30.
     20,           3.,          30.
     21,           1.,          30.
     22,          -1.,          30.
     23,          -3.,          30.
     24,          -5.,          28.
     25,          -5.,          26.
     26,          -5.,          24.
     27,          -5.,          22.
     28,          -5.,          20.
     29,          -5.,          18.
     30,          -5.,          16.
     31,          -5.,          14.
     32,          -5.,          12.
     33,          -5.,          10.
     34,          -5.,           8.
     35,          -5.,           6.
     36,          -5.,           4.
     37,          -5.,           2.
     38,          -7.,           0.
     39,          -9.,           0.
     40,         -11.,           0.
     41,         -13.,           0.
     42,         -15.,           0.
     43,         -17.,           0.
     44,         -19.,           0.
     45,         -21.,           0.
     46,         -23.,           0.
     47,           3.,         -10.
     48,           1.,         -10.
     49,          -1.,         -10.
     50,          -3.,         -10.
     51,          -5.,         -10.
     52,          -7.,         -10.
     53,          -9.,         -10.
     54,         -11.,         -10.
     55,         -13.,         -10.
     56,         -15.,         -10.
     57,         -17.,         -10.
     58,         -19.,         -10.
     59,         -21.,         -10.
     60,         -23.,         -10.
     61,           5.,          18.
     62,           5.,          16.
     63,           5.,          14.
     64,           5.,          12.
     65,           5.,          10.
     66,           5.,           8.
     67,           5.,           6.
     68,           5.,           4.
     69,           5.,           2.
     70,           5.,           0.
     71,           5.,          -2.
     72,           5.,          -4.
     73,           5.,          -6.
     74,           5.,          -8.
     75,   6.42857122,   21.4285717
     76,   7.85714293,   22.8571434
     77,   9.28571415,   24.2857151
     78,   10.7142859,   25.7142849
     79,   12.1428576,   27.1428566
     80,   13.5714283,   28.5714283
     81,  -26.3336372,  -7.76659107
     82,  -28.2226868,  -6.43824339
     83,  -28.1175652,  -4.60588837
     84,  -26.1591434,  -2.10037327
     85,   7.94419193,   28.1601086
     86,  -3.19118237,   27.2962761
     87,  -5.94074678,  -1.56135583
     88,  -3.28010941,   6.99999666
     89,  -7.98214865,  -1.62386549
     90,   5.94069958,   28.2131767
     91,   3.96576309,   28.1945496
     92,   1.96850979,   28.1876316
     93, -0.00925469864,   28.2110806
     94,  -3.19306159,   25.1208878
     95,  -3.24140286,   23.0419273
     96,  -3.26721168,     21.01577
     97,  -3.29015899,   19.0030117
     98,  -3.29848814,   16.9995918
     99,   -3.2950747,   14.9994574
    100,  -3.28950334,   12.9997454
    101,  -3.28517389,   10.9999161
    102,  -3.28540468,    8.9999752
    103,  -3.28817058,   4.99999905
    104,  -3.32450199,   2.98746324
    105,  -3.41863847,  0.927179158
    106,  -9.99433708,  -1.64214647
    107,    -11.99823,  -1.64728785
    108,  -13.9994688,  -1.64868796
    109,  -15.9998932,  -1.64905524
    110,  -18.0005169,   -1.6548574
    111,   -19.994421,  -1.67004955
    112,   -21.960701,  -1.70543468
    113,  -24.0205898,  -8.05579758
    114,  -23.9267063,  -1.82353294
    115,   2.29777122,  -8.18962097
    116,  0.123059466,  -8.18267441
    117,  -1.95802188,  -8.22096157
    118,  -3.98471189,  -8.24636459
    119,  -5.99523783,   -8.2685194
    120,  -7.99814987,  -8.27763176
    121,  -9.99911308,   -8.2813158
    122,  -11.9996176,   -8.2825079
    123,  -13.9998579,  -8.28286648
    124,  -15.9999981,  -8.28308964
    125,  -18.0003262,  -8.28923416
    126,  -19.9951019,  -8.28801823
    127,  -21.9786606,  -8.23145771
    128,   3.37062716,   18.9233551
    129,   3.34054041,   16.9807224
    130,   3.33640957,   14.9944878
    131,   3.34315801,   12.9984617
    132,   3.34957194,   10.9995937
    133,   3.35198402,     8.999897
    134,   3.35113668,   6.99997568
    135,   3.34448671,   4.99999523
    136,    3.3265295,   2.99973011
    137,   3.30527616,  0.998020113
    138,   3.28119373,  -1.01071751
    139,   3.25898099,  -3.01927686
    140,   3.24397135,  -5.00071239
    141,   10.2151985,   28.0007057
    142,   8.72700691,    26.224247
    143,   4.53118944,   21.9883575
    144,    7.4225564,   24.7146339
    145,   6.02210903,   23.3871956
    146,  -24.9141693,  -5.84206676
    147,   -27.758709,  -3.09401059
    148,  -3.74367332,  -1.32242095
    149,   3.37542582,  -6.68383884
    150,  -1.68782008,   28.3659058
    151,   2.93006825,   26.3407249
    152,   1.37449419,  -6.19837618
    153,  -6.99313116,  -6.56894302
    154,  -8.99560261,  -6.58624029
    155,  -10.9978485,  -6.59370756
    156,  -12.9991169,  -6.59640884
    157,  -14.9997482,  -6.59741163
    158,  -17.0005054,  -6.60687542
    159,  -18.9910336,  -6.61446953
    160,  -20.9443874,  -6.58081102
    161,  -1.56252813,   20.0199757
    162,   1.69096434,   15.9887323
    163,   1.69573748,   13.9958906
    164,   1.70559001,   11.9987364
    165,     1.712358,      9.99965
    166,   1.70500433,   5.99998617
    167,   1.67963386,   3.99886894
    168,   1.64330435,   1.99145818
    169,  0.905702949,   26.4169083
    170,  -1.23154819,   26.3408546
    171,  -1.48619592,   24.0970173
    172,  -1.52001476,   22.0616055
    173,   -1.6039356,   18.0015297
    174,   1.71200323,   7.99990702
    175,   1.57110965,  -2.04215574
    176, -0.883958101,  -6.38697195
    177,  -2.94760537,  -6.42948389
    178,  -4.98543882,  -6.52348185
    179,  -6.97729588,  -3.23084092
    180,  -8.98907471,  -3.26648521
    181,  -10.9956169,  -3.28038645
    182,  -12.9984198,  -3.28506351
    183,  -14.9995422,  -3.28655887
    184,   -17.000536,  -3.29590154
    185,  -18.9907722,  -3.31196833
    186,  -20.9331837,   -3.3324461
    187,  -1.61828923,   15.9975128
    188,  -1.61388779,   13.9984798
    189,  -1.60545456,   11.9994555
    190,  -1.59979153,   9.99984074
    191,   -1.5975486,   7.99995708
    192,  -1.60532558,   5.99998999
    193,  -1.63823593,    3.9940958
    194,  -1.70293796,   1.96242869
    195,   1.60747373, -0.0272606201
    196,    1.5512104,  -4.03328276
    197,   4.92077351,   26.4265118
    198,    1.7285229,   17.9747887
    199,    -22.78298,  -3.40262842
    200,  -22.8547916,  -6.42256784
    201,   3.40620279,   20.6201363
    202,   6.79960585,   26.4659615
    203,   4.04114676,   24.2806396
    204,  -24.5952816,  -3.71108937
    205,   11.9858971,   28.7429981
    206,  -26.3854027,  -4.19141436
    207,  -23.3982754,  -4.86368704
    208,   2.28591108,   22.2277603
    209, 0.0553736538,   16.9928093
    210,  -1.80476701, -0.120870896
    211,  -4.98795748,  -3.15208316
    212, 0.0110525833,  -4.82521629
    213,  -4.00782299,  -4.75885105
    214,  -5.99015188,  -4.85574389
    215,  -7.99004316,  -4.90417004
    216,  -9.99438381,  -4.92552328
    217,  -11.9974594,  -4.93413877
    218,  -13.9990435,  -4.93733311
    219,  -16.0001259,   -4.9451685
    220,  -17.9929962,  -4.95586967
    221, -0.106511481,  -3.09629536
    222, 0.0373850204,   4.99800777
    223, -0.00596798118,   2.98531127
    224,  -1.85946262,  -4.40848017
    225, -0.0991605446,  -1.08530307
    226, -0.0603425503,  0.950960577
    227, 0.0547269247,   6.99963188
    228, 0.0591881089,    8.9997921
    229, 0.0547586642,   10.9993916
    230, 0.0464525074,   12.9979057
    231, 0.0427251458,   14.9952221
    232,  0.212301388,   23.1476116
    233,  0.224221572,   21.0705128
    234,   0.11305099,    19.004488
    235,  -19.9494209,   -4.9559412
    236,   1.85475612,   19.9701729
    237,  -21.8105068,  -4.92634678
    238,    5.8412385,   25.0549889
    239,  -1.81460941,  -2.20061183
    240,  -3.28270507,  -3.16848946
    241,   1.73495877,   24.5517578
    242, 0.0270437729,   24.9108295
    243,   -26.794693,  -5.76884079
