      1,          15.,          30.
      2,          -5.,          30.
      3,          -5.,           0.
      4,         -25.,           0.
      5,  -26.9134178,  -9.61939812
      6,  -28.5355339,  -8.53553391
      7,  -29.6193981,  -6.91341734
      8,         -30.,          -5.
      9,  -29.6193981,   -3.0865829
     10,  -28.5355339,  -1.46446609
     11,  -26.9134178,  -0.38060233
     12,         -25.,         -10.
     13,           5.,         -10.
     14,           5.,          20.
     15,          13.,          30.
     16,          11.,          30.
     17,           9.,          30.
     18,           7.,          30.
     19,           5.,          30.
     20,           3.,          30.
     21,           1.,          30.
     22,          -1.,          30.
     23,          -3.,          30.
     24,          -5.,          28.
     25,          -5.,          26.
     26,          -5.,          24.
     27,          -5.,          22.
     28,          -5.,          20.
     29,          -5.,          18.
     30,          -5.,          16.
     31,          -5.,          14.
     32,          -5.,          12.
     33,          -5.,          10.
     34,          -5.,           8.
     35,          -5.,           6.
     36,          -5.,           4.
     37,          -5.,           2.
     38,          -7.,           0.
     39,          -9.,           0.
     40,         -11.,           0.
     41,         -13.,           0.
     42,         -15.,           0.
     43,         -17.,           0.
     44,         -19.,           0.
     45,         -21.,           0.
     46,         -23.,           0.
     47,           3.,         -10.
     48,           1.,         -10.
     49,          -1.,         -10.
     50,          -3.,         -10.
     51,          -5.,         -10.
     52,          -7.,         -10.
     53,          -9.,         -10.
     54,         -11.,         -10.
     55,         -13.,         -10.
     56,         -15.,         -10.
     57,         -17.,         -10.
     58,         -19.,         -10.
     59,         -21.,         -10.
     60,         -23.,         -10.
     61,           5.,          18.
     62,           5.,          16.
     63,           5.,          14.
     64,           5.,          12.
     65,           5.,          10.
     66,           5.,           8.
     67,           5.,           6.
     68,           5.,           4.
     69,           5.,           2.
     70,           5.,           0.
     71,           5.,          -2.
     72,           5.,          -4.
     73,           5.,          -6.
     74,           5.,          -8.
     75,   6.42857122,   21.4285717
     76,   7.85714293,   22.8571434
     77,   9.28571415,   24.2857151
     78,   10.7142859,   25.7142849
     79,   12.1428576,   27.1428566
     80,   13.5714283,   28.5714283
     81,  -25.5692158,  -7.47994947
     82,  -26.8123989,  -6.65812349
     83,  -27.8370075,  -5.65078545
     84,  -24.9931679,  -2.99975061
     85,  -6.07402325,  -2.51799893
     86,  -3.41205382,   6.06536293
     87,  -7.90601015,  -2.16468501
     88,   6.93360615,   28.5683231
     89,   5.03122282,   28.5983677
     90,    3.0751996,   28.3579216
     91,    1.0200783,   28.2704353
     92,  -1.00747931,   28.1540108
     93,  -2.98253322,   22.0530071
     94,  -3.14535069,   19.9964409
     95,  -3.38007402,    18.021389
     96,  -3.24730754,    16.081007
     97,  -3.22061014,   14.0090933
     98,  -3.27037716,   11.9557343
     99,  -3.32515502,   9.95609379
    100,  -3.37583542,   7.99501371
    101,  -3.38906217,   4.20707273
    102,  -3.21241689,   2.45526028
    103,  -2.81301451,   1.00452256
    104,  -9.85906696,  -1.94350755
    105,  -11.8253517,  -1.81189597
    106,  -13.7737036,  -1.72045147
    107,  -15.6994905,  -1.64893782
    108,  -17.6126289,  -1.59551537
    109,  -19.5252953,   -1.5675751
    110,  -21.4428196,  -1.57937253
    111,  -24.0465412,  -7.98486996
    112,  -23.2975655,  -1.60528278
    113, -0.858305335,  -8.21509266
    114,  -2.85219836,  -8.24649334
    115,  -4.86234474,  -8.28040028
    116,  -6.82275486,  -8.35858631
    117,  -8.72553921,  -8.46272755
    118,   -10.666894,  -8.49340248
    119,  -12.6085234,  -8.47250462
    120,  -14.5571985,  -8.43932819
    121,  -16.5147133,  -8.41329861
    122,  -18.4622021,  -8.38815498
    123,  -20.3904629,  -8.34011364
    124,  -22.2757702,  -8.22864628
    125,   3.32341838,   17.9214497
    126,   3.49274993,   15.8118629
    127,   3.45036292,   13.8697481
    128,   3.40310287,   11.9041443
    129,   3.36840963,   9.92752457
    130,   3.33398676,   7.94917822
    131,   3.27319622,   5.98151016
    132,    3.1435709,   4.00265217
    133,   2.93195248,   2.00336671
    134,   2.85718203, -0.0779486522
    135,    2.9648633,  -2.16540527
    136,   3.04931951,  -4.18990898
    137,   3.07869506,  -6.14942598
    138,   3.06127834,  -8.08621216
    139,   8.87478542,   28.7956104
    140,   10.6500645,   29.0019722
    141,   9.73117542,   26.5182457
    142,   4.64431381,   22.3340874
    143,   8.02427673,   25.3785686
    144,   6.40424109,   23.9808598
    145,  -23.0793724,  -6.28166199
    146,  -26.5148945,  -3.90364408
    147,  -3.43422222,  -1.27146482
    148,   1.04067838,   26.6475811
    149,   1.10761571,  -8.16181087
    150, -0.736092031,  -6.43063927
    151,  -4.75875711,  -6.53175259
    152,  -6.72676086,  -6.65011883
    153,  -8.50626945,  -6.96918011
    154,  -10.3056269,   -7.0003581
    155,  -12.1337996,  -6.91552496
    156,   -14.019887,  -6.83708525
    157,  -15.9333124,  -6.77759314
    158,  -1.20785129,   19.7240963
    159,  -1.32478476,   16.4232349
    160,   1.96661806,   15.6013527
    161,   1.83737338,   13.8039751
    162,   1.66680229,    7.9507823
    163,   1.58930695,   6.05578279
    164,   1.41368437,   4.18972206
    165,  -2.88116503,   24.1189423
    166,  -1.05743062,     22.01824
    167,   -2.0645926,   18.0287819
    168,   1.76209581,   11.8621569
    169,   1.71383548,   9.90428638
    170,  -19.6961384,  -6.65574455
    171,   1.10382271,  -2.44856596
    172,  -2.71728683,  -6.50229883
    173,  -6.94966459,  -4.68074226
    174,  -8.87774658,  -3.94481039
    175,  -10.7458334,  -3.67898369
    176,  -12.6495609,  -3.53031301
    177,  -14.5555058,  -3.42598987
    178,   -16.435133,  -3.33984756
    179,  -18.2789097,  -3.26375914
    180,  -17.8273373,  -6.72471857
    181,  -20.0785789,  -3.19971037
    182,  -1.49681842,   14.0206604
    183,   -1.5821172,   11.9191847
    184,  -1.64738953,   9.92495728
    185,   -1.7083354,   7.99023056
    186,  -1.75975442,   6.13986826
    187,  -1.75903368,   4.42714834
    188,  -1.57233489,   2.89093947
    189,  0.835785091,   2.16724944
    190,  0.682180047, -0.241043478
    191,    1.1928376,  -4.42227745
    192,   5.08529997,   27.3792095
    193,   3.36510825,   26.4843388
    194,   2.03854513,   16.9918709
    195,  -21.8747597,  -3.21142745
    196,  -21.4750767,  -6.53344297
    197,   3.87977886,   20.2254429
    198,   6.80135918,   26.7542229
    199,   3.63350844,   23.8850384
    200,  -23.8274765,  -3.46659899
    201,    1.1804136,  -6.30371428
    202, -0.938736618,   26.3029137
    203,   12.2929611,   28.8663254
    204,  -25.4329395,  -4.97643757
    205,  -23.4656639,  -4.58569384
    206,   2.50105619,   21.8994751
    207,   1.02533674,   17.4530888
    208,  -2.03710103, -0.263990819
    209,  -2.58995533,  -4.80094004
    210,   -8.4802742,  -5.76261616
    211,  -9.76420498,  -5.45034361
    212,    -11.51054,  -5.29605007
    213,  -13.3758335,  -5.19502783
    214, -0.139613941,    4.4876976
    215,  -4.65231037,  -4.77523041
    216,  -0.68237406,  -2.91642618
    217,  -15.2690411,  -5.11363983
    218, -0.0656300783,   6.15421581
    219,  -1.08489251,  -1.39932156
    220,  -1.06679821,   1.62087166
    221, -0.0124161234,   7.98827744
    222, 0.0848017856,   11.8839493
    223, 0.0337320901,   9.92000008
    224,  0.164119601,   13.8965883
    225,   0.40828678,   15.8328867
    226,  0.625479996,   20.3010693
    227,  -0.15091382,   18.1863232
    228,  -17.1419277,  -5.04282713
    229,  -18.9704075,  -4.97220182
    230, -0.594378114,    24.263607
    231,    1.9105823,   18.7361507
    232,  -22.2677994,  -4.73615551
    233,   5.08411074,   25.1987476
    234, -0.661113381,   -4.6510396
    235,  -2.35311747,  -1.99394405
    236,  0.717164218,   21.9067993
    237,   2.42589617,   23.0299225
    238,  -4.26703167,  -2.97138119
    239,  -2.47106886,   -3.2136631
    240,  -2.95505738,   26.1031113
    241,  -24.4062843,  -5.78745651
    242,   11.1900005,   27.6029587
    243,  -3.00564528,   28.0624599
    244,  -28.6195679,  -4.77531338
    245,  -27.7284527,   -2.3222816
    246,  -26.5301876,  -2.03538251
    247,   -24.975317,  -1.63643456
    248,   -28.124073,   -3.5208149
    249,   8.99391651,   27.5412903
    250,   2.33917475,   20.3422546
    251,   10.4003115,    28.093359
    252, -0.809095621,  0.435396373
    253,   2.31196761,   24.7869625
    254,  -20.7040234,  -4.87518072
    255,  0.812728226,    19.105238
    256,  0.986865878,   25.3211288
    257,   1.19369018,   23.4800301
    258, -0.293027848,   3.20813227
