      1,          15.,          30.
      2,          -5.,          30.
      3,          -5.,           0.
      4,         -25.,           0.
      5,  -26.9134178,  -9.61939812
      6,  -28.5355339,  -8.53553391
      7,  -29.6193981,  -6.91341734
      8,         -30.,          -5.
      9,  -29.6193981,   -3.0865829
     10,  -28.5355339,  -1.46446609
     11,  -26.9134178,  -0.38060233
     12,         -25.,         -10.
     13,           5.,         -10.
     14,           5.,          20.
     15,          13.,          30.
     16,          11.,          30.
     17,           9.,          30.
     18,           7.,          30.
     19,           5.,          30.
     20,           3.,          30.
     21,           1.,          30.
     22,          -1.,          30.
     23,          -3.,          30.
     24,          -5.,          28.
     25,          -5.,          26.
     26,          -5.,          24.
     27,          -5.,          22.
     28,          -5.,          20.
     29,          -5.,          18.
     30,          -5.,          16.
     31,          -5.,          14.
     32,          -5.,          12.
     33,          -5.,          10.
     34,          -5.,           8.
     35,          -5.,           6.
     36,          -5.,           4.
     37,          -5.,           2.
     38,          -7.,           0.
     39,          -9.,           0.
     40,         -11.,           0.
     41,         -13.,           0.
     42,         -15.,           0.
     43,         -17.,           0.
     44,         -19.,           0.
     45,         -21.,           0.
     46,         -23.,           0.
     47,           3.,         -10.
     48,           1.,         -10.
     49,          -1.,         -10.
     50,          -3.,         -10.
     51,          -5.,         -10.
     52,          -7.,         -10.
     53,          -9.,         -10.
     54,         -11.,         -10.
     55,         -13.,         -10.
     56,         -15.,         -10.
     57,         -17.,         -10.
     58,         -19.,         -10.
     59,         -21.,         -10.
     60,         -23.,         -10.
     61,           5.,          18.
     62,           5.,          16.
     63,           5.,          14.
     64,           5.,          12.
     65,           5.,          10.
     66,           5.,           8.
     67,           5.,           6.
     68,           5.,           4.
     69,           5.,           2.
     70,           5.,           0.
     71,           5.,          -2.
     72,           5.,          -4.
     73,           5.,          -6.
     74,           5.,          -8.
     75,   6.42857122,   21.4285717
     76,   7.85714293,   22.8571434
     77,   9.28571415,   24.2857151
     78,   10.7142859,   25.7142849
     79,   12.1428576,   27.1428566
     80,   13.5714283,   28.5714283
     81,  -25.5692158,  -7.47994947
     82,  -26.8123989,  -6.65812349
     83,  -27.8370075,  -5.65078545
     84,  -24.9931679,  -2.99975061
     85,  -6.07402325,  -2.51799893
     86,  -3.41205382,   6.06536293
     87,  -7.90601015,  -2.16468501
     88,   6.93360615,   28.5683231
     89,   5.03122282,   28.5983677
     90,    3.0751996,   28.3579216
     91,    1.0200783,   28.2704353
     92,  -1.00747931,   28.1540108
     93,  -2.98253322,   22.0530071
     94,  -3.14535069,   19.9964409
     95,  -3.38007402,    18.021389
     96,  -3.24730754,    16.081007
     97,  -3.22061014,   14.0090933
     98,  -3.27037716,   11.9557343
     99,  -3.32515502,   9.95609379
    100,  -3.37583542,   7.99501371
    101,  -3.38906217,   4.20707273
    102,  -3.21241689,   2.45526028
    103,  -2.81301451,   1.00452256
    104,  -9.85906696,  -1.94350755
    105,  -11.8253517,  -1.81189597
    106,  -13.7737036,  -1.72045147
    107,  -15.6994905,  -1.64893782
    108,  -17.6126289,  -1.59551537
    109,  -19.5252953,   -1.5675751
    110,  -21.4428196,  -1.57937253
    111,  -24.0465412,  -7.98486996
    112,  -23.2975655,  -1.60528278
    113, -0.858305335,  -8.21509266
    114,  -2.85219836,  -8.24649334
    115,  -4.86234474,  -8.28040028
    116,  -6.82275486,  -8.35858631
    117,  -8.72553921,  -8.46272755
    118,   -10.666894,  -8.49340248
    119,  -12.6085234,  -8.47250462
    120,  -14.5571985,  -8.43932819
    121,  -16.5147133,  -8.41329861
    122,  -18.4622021,  -8.38815498
    123,  -20.3904629,  -8.34011364
    124,  -22.2757702,  -8.22864628
    125,   3.32341838,   17.9214497
    126,   3.49274993,   15.8118629
    127,   3.45036292,   13.8697481
    128,   3.40310287,   11.9041443
    129,   3.36840963,   9.92752457
    130,   3.33398676,   7.94917822
    131,   3.27319622,   5.98151016
    132,    3.1435709,   4.00265217
    133,   2.93195248,   2.00336671
    134,   2.85718203, -0.0779486522
    135,    2.9648633,  -2.16540527
    136,   3.04931951,  -4.18990898
    137,   3.07869506,  -6.14942598
    138,   3.06127834,  -8.08621216
    139,   8.87478542,   28.7956104
    140,   10.6500645,   29.0019722
    141,   9.73117542,   26.5182457
    142,   4.64431381,   22.3340874
    143,   8.02427673,   25.3785686
    144,   6.40424109,   23.9808598
    145,  -23.0793724,  -6.28166199
    146,  -26.5148945,  -3.90364408
    147,  -3.43422222,  -1.27146482
    148,   1.04067838,   26.6475811
    149,   1.10761571,  -8.16181087
    150, -0.736092031,  -6.43063927
    151,  -4.75875711,  -6.53175259
    152,  -6.72676086,  -6.65011883
    153,  -8.50626945,  -6.96918011
    154,  -10.3056269,   -7.0003581
    155,  -12.1337996,  -6.91552496
    156,   -14.019887,  -6.83708525
    157,  -15.9333124,  -6.77759314
    158,  -1.20785129,   19.7240963
    159,  -1.32478476,   16.4232349
    160,   1.96661806,   15.6013527
    161,   1.83737338,   13.8039751
    162,   1.66680229,    7.9507823
    163,   1.58930695,   6.05578279
    164,   1.41368437,   4.18972206
    165,  -2.88116503,   24.1189423
    166,  -1.05743062,     22.01824
    167,   -2.0645926,   18.0287819
    168,   1.76209581,   11.8621569
    169,   1.71383548,   9.90428638
    170,  -19.6961384,  -6.65574455
    171,   1.10382271,  -2.44856596
    172,  -2.71728683,  -6.50229883
    173,  -6.94966459,  -4.68074226
    174,  -8.87774658,  -3.94481039
    175,  -10.7458334,  -3.67898369
    176,  -12.6495609,  -3.53031301
    177,  -14.5555058,  -3.42598987
    178,   -16.435133,  -3.33984756
    179,  -18.2789097,  -3.26375914
    180,  -17.8273373,  -6.72471857
    181,  -20.0785789,  -3.19971037
    182,  -1.49681842,   14.0206604
    183,   -1.5821172,   11.9191847
    184,  -1.64738953,   9.92495728
    185,   -1.7083354,   7.99023056
    186,  -1.75975442,   6.13986826
    187,  -1.75903368,   4.42714834
    188,  -1.57233489,   2.89093947
    189,  0.835785091,   2.16724944
    190,  0.682180047, -0.241043478
    191,    1.1928376,  -4.42227745
    192,   5.08529997,   27.3792095
    193,   3.36510825,   26.4843388
    194,   2.03854513,   16.9918709
    195,  -21.8747597,  -3.21142745
    196,  -21.4750767,  -6.53344297
    197,   3.87977886,   20.2254429
    198,   6.80135918,   26.7542229
    199,   3.63350844,   23.8850384
    200,  -23.8274765,  -3.46659899
    201,    1.1804136,  -6.30371428
    202, -0.938736618,   26.3029137
    203,   12.2929611,   28.8663254
    204,  -25.4329395,  -4.97643757
    205,  -23.4656639,  -4.58569384
    206,   2.50105619,   21.8994751
    207,   1.02533674,   17.4530888
    208,  -2.03710103, -0.263990819
    209,  -2.58995533,  -4.80094004
    210,   -8.4802742,  -5.76261616
    211,  -9.76420498,  -5.45034361
    212,    -11.51054,  -5.29605007
    213,  -13.3758335,  -5.19502783
    214, -0.139613941,    4.4876976
    215,  -4.65231037,  -4.77523041
    216,  -0.68237406,  -2.91642618
    217,  -15.2690411,  -5.11363983
    218, -0.0656300783,   6.15421581
    219,  -1.08489251,  -1.39932156
    220,  -1.06679821,   1.62087166
    221, -0.0124161234,   7.98827744
    222, 0.0848017856,   11.8839493
    223, 0.0337320901,   9.92000008
    224,  0.164119601,   13.8965883
    225,   0.40828678,   15.8328867
    226,  0.625479996,   20.3010693
    227,  -0.15091382,   18.1863232
    228,  -17.1419277,  -5.04282713
    229,  -18.9704075,  -4.97220182
    230, -0.594378114,    24.263607
    231,    1.9105823,   18.7361507
    232,  -22.2677994,  -4.73615551
    233,   5.08411074,   25.1987476
    234, -0.661113381,   -4.6510396
    235,  -2.35311747,  -1.99394405
    236,  0.717164218,   21.9067993
    237,   2.42589617,   23.0299225
    238,  -4.26703167,  -2.97138119
    239,  -2.47106886,   -3.2136631
    240,  -2.95505738,   26.1031113
    241,  -24.4062843,  -5.78745651
    242,   11.1900005,   27.6029587
    243,  -3.00564528,   28.0624599
    244,  -28.6195679,  -4.77531338
    245,  -27.7284527,   -2.3222816
    246,  -26.5301876,  -2.03538251
    247,   -24.975317,  -1.63643456
    248,   -28.124073,   -3.5208149
    249,   8.99391651,   27.5412903
    250,   2.33917475,   20.3422546
    251,   10.4003115,    28.093359
    252, -0.809095621,  0.435396373
    253,   2.31196761,   24.7869625
    254,  -20.7040234,  -4.87518072
    255,  0.812728226,    19.105238
    256,  0.986865878,   25.3211288
    257,   1.19369018,   23.4800301
    258, -0.293027848,   3.20813227
    259,    8.8777256,   25.9484062
    260,   9.36254597,    27.029768
    261,   7.89763784,   27.1477566
    262,   7.41281796,   26.0663948
    263,   -1.0037396,   29.0770054
    264, 0.0062994957,   28.2122231
    265,   1.01003909,   29.1352177
    266,           0.,          30.
    267,   -2.9260993,  -9.12324715
    268,  -3.85727167,  -8.26344681
    269,  -4.93117237,  -9.14019966
    270,          -4.,         -10.
    271,   4.18420506,   9.96376228
    272,    3.3511982,   8.93835163
    273,   4.16699314,   7.97458935
    274,           5.,           9.
    275,  -7.45300484,  -1.08234251
    276,  -6.99001694,  -2.34134197
    277,  -5.53701162,  -1.25899947
    278,          -6.,           0.
    279,  -24.5232697,  -8.99243546
    280,         -24.,         -10.
    281,   -22.637886,  -9.11432266
    282,  -23.1611557,  -8.10675812
    283,  -27.7778511,  -9.15734768
    284,  -26.2413177,  -8.54967403
    285,  -26.1908073,  -7.06903648
    286,  -27.6739655,  -7.59682846
    287,  -21.6587906,  -2.39540005
    288,  -20.9766693,  -3.20556879
    289,  -19.8019371,  -2.38364267
    290,  -20.4840584,  -1.57347381
    291,  -29.9039268,  -5.97545147
    292,  -28.7282028,  -6.28210163
    293,  -28.2282867,  -5.21304941
    294,  -29.3097839,  -4.88765669
    295,  -23.7428284,  -6.03455925
    296,   -24.987751,  -6.63370323
    297,  -24.8078785,  -7.73240948
    298,  -23.5629578,  -7.13326597
    299,   -26.522541,  -2.96951342
    300,  -25.7540321,  -3.45169735
    301,  -24.9842415,  -2.31809258
    302,  -25.7527523,  -1.83590853
    303,   6.96680307,   29.2841606
    304,           6.,          30.
    305,   5.01561165,   29.2991829
    306,   5.98241425,   28.5833454
    307,   7.90419579,   28.6819668
    308,   6.86748266,    27.661274
    309,   8.93435097,   28.1684494
    310,    3.0375998,   29.1789608
    311,           2.,          30.
    312,   2.04763889,   28.3141785
    313,   4.22520399,   26.9317741
    314,   5.05826139,   27.9887886
    315,   4.05321121,   28.4781456
    316,   3.22015381,   27.4211311
    317,  -3.00282264,   29.0312309
    318,  -2.00656223,   28.1082344
    319,          -2.,          30.
    320,          -5.,          29.
    321,  -4.00282288,   28.0312309
    322,          -4.,          30.
    323,          -5.,          23.
    324,  -3.99126673,   22.0265045
    325,    -2.931849,   23.0859756
    326,  -3.94058251,   24.0594711
    327,   1.03037834,   27.4590073
    328,   2.20289326,   26.5659599
    329,  -1.94689703,   26.2030125
    330,  -2.91811132,   25.1110268
    331,  -1.73777151,   24.1912746
    332, -0.766557336,   25.2832603
    333,  -3.06394196,   21.0247231
    334,          -5.,          21.
    335,  -4.07267523,   19.9982204
    336,  -3.26271248,   19.0089149
    337,          -5.,          19.
    338,  -4.19003677,   18.0106945
    339,  -3.31369066,   17.0511971
    340,          -5.,          17.
    341,  -4.12365389,   16.0405045
    342,  -3.23395872,   15.0450497
    343,          -5.,          15.
    344,  -4.11030483,   14.0045471
    345,  -3.24549365,   12.9824142
    346,          -5.,          13.
    347,  -4.13518858,   11.9778671
    348,  -3.29776621,   10.9559135
    349,          -5.,          11.
    350,  -4.16257763,   9.97804642
    351,  -3.39394474,   7.03018856
    352,  -4.18791771,    7.9975071
    353,          -5.,           7.
    354,  -4.20602703,   6.03268147
    355,  -3.40055799,   5.13621807
    356,          -5.,           5.
    357,  -4.19453096,   4.10353661
    358,  -3.30073953,   3.33116651
    359,          -5.,           3.
    360,  -4.10620832,   2.22763014
    361,  -3.01271582,   1.72989142
    362,          -5.,           1.
    363,  -3.90650725,  0.502261281
    364, -0.698602676,   -5.5408392
    365,   -1.6255343,  -4.72598982
    366,   -2.6536212,  -5.65161943
    367,  -1.72668946,  -6.46646881
    368,    -9.429533, -0.971753776
    369,   -8.8825388,  -2.05409622
    370,          -8.,           0.
    371,  -11.4126759, -0.905947983
    372,  -10.8422089,  -1.87770176
    373,         -10.,           0.
    374,  -13.3868523, -0.860225737
    375,  -12.7995281,  -1.76617372
    376,         -12.,           0.
    377,  -15.3497448, -0.824468911
    378,  -14.7365971,  -1.68469465
    379,         -14.,           0.
    380,  -17.3063145, -0.797757685
    381,  -16.6560593,   -1.6222266
    382,         -16.,           0.
    383,  -19.2626476, -0.783787549
    384,  -18.5689621,  -1.58154523
    385,         -18.,           0.
    386,  -21.2214088, -0.789686263
    387,         -20.,           0.
    388,  -20.6952324,   -9.1700573
    389,         -20.,         -10.
    390,   -18.731102,  -9.19407749
    391,  -19.4263325,  -8.36413383
    392,  -27.3247032,  -6.15445423
    393,  -26.1226692,  -5.81728077
    394,   -25.973917,  -4.44004059
    395,   -27.175951,    -4.777215
    396,           4.,         -10.
    397,           5.,          -9.
    398,   4.03063917,  -8.04310608
    399,   3.03063917,  -9.04310608
    400,   2.08444691,  -8.12401199
    401,   1.05380785,  -9.08090591
    402,           2.,         -10.
    403,   1.14833021,  -3.43542171
    404,   2.12107849,  -4.30609322
    405,   3.00709152,  -3.17765713
    406,     2.034343,  -2.30698562
    407, -0.929152668,  -9.10754585
    408,  -1.85525179,    -8.230793
    409,          -2.,         -10.
    410,   -5.8425498,  -8.31949329
    411,  -6.91137743,  -9.17929268
    412,          -6.,         -10.
    413,  -4.81055069,  -7.40607643
    414,  -5.74275875,  -6.59093571
    415,  -6.77475786,  -7.50435257
    416,  -8.61590385,  -7.71595383
    417,  -7.77414703,  -8.41065693
    418,  -7.61651516,  -6.80964947
    419,  -9.40594864,  -6.98476887
    420,  -10.4862604,  -7.74688053
    421,  -9.69621658,  -8.47806549
    422,  -11.2197132,  -6.95794153
    423,  -12.3711615,  -7.69401455
    424,  -11.6377087,  -8.48295403
    425,  -13.0768433,   -6.8763051
    426,  -14.2885427,  -7.63820648
    427,  -13.5828609,   -8.4559164
    428,  -14.9765997,  -6.80733919
    429,  -16.2240124,  -7.59544563
    430,  -15.5359554,   -8.4263134
    431,   1.48232734,   20.3216629
    432,  0.719104111,   19.7031536
    433,   1.36165524,   18.9206944
    434,   2.12487841,   19.5392036
    435,   1.46795952,   18.0946198
    436,   1.53194094,   17.2224808
    437,   2.68098164,   17.4566612
    438,   2.61700034,   18.3288002
    439,  -1.69468868,   17.2260094
    440, -0.737849295,   17.3047791
    441, -0.679382563,   18.9552097
    442,  -1.63622189,   18.8764381
    443,   1.90199566,   14.7026634
    444,   1.18745244,   15.7171192
    445,  0.286203206,   14.8647375
    446,   1.00074649,   13.8502817
    447,   2.64386821,   13.8368616
    448,   3.47155643,   14.8408051
    449,   2.72968388,   15.7066078
    450,   4.20155144,   11.9520721
    451,   3.38575625,   10.9158344
    452,           5.,          11.
    453,   3.30359149,   6.96534443
    454,   4.13659811,   5.99075508
    455,           5.,           7.
    456,   2.50039458,   7.94998026
    457,   1.62805462,   7.00328255
    458,   2.43125153,   6.01864624
    459,    1.5014956,   5.12275219
    460,   2.27862763,   4.09618711
    461,   3.20838356,   4.99208117
    462,   3.92859101, -0.0389743261
    463,   2.91102266,  -1.12167692
    464,   3.98243165,  -2.08270264
    465,           5.,          -1.
    466,   4.02465963,  -4.09495449
    467,           5.,          -3.
    468,   3.06400728,  -5.16966724
    469,   4.03934765,  -6.07471275
    470,           5.,          -5.
    471,   3.06998682,  -7.11781883
    472,           5.,          -7.
    473,   8.93739319,   29.3978043
    474,           8.,          30.
    475,   9.76242447,   28.8987923
    476,   10.8250322,   29.5009861
    477,          10.,          30.
    478,   12.6464806,   29.4331627
    479,   12.9321947,   28.7188759
    480,   14.2857141,   29.2857132
    481,          14.,          30.
    482,          12.,          30.
    483,   11.4715128,   28.9341488
    484,  -28.1319923,  -1.89337385
    485,  -27.1293201,  -2.17883205
    486,  -26.7218018,  -1.20799243
    487,  -27.7778511, -0.842652082
    488,  -25.9754524,   -9.9039259
    489,  -29.1573486,   -7.7778511
    490,  -28.3718204,  -4.14806414
    491,  -27.3194847,  -3.71222949
    492,  -23.1487827, -0.802641392
    493,  -22.3701935,  -1.59232759
    494,         -22.,           0.
    495,  -24.9876595, -0.818217278
    496,  -25.9754524, -0.0960736573
    497,  -8.86277008,   -9.2313633
    498,          -8.,         -10.
    499,           4.,          30.
    500,   8.65499496,   24.8321419
    501,          10.,          25.
    502,   10.2227306,   26.1162643
    503,   7.21425915,   24.6797142
    504,   7.13069201,   23.4190025
    505,   8.57142925,   23.5714283
    506,   4.35880947,    24.541893
    507,   4.22460938,   25.8415432
    508,   2.83853793,   25.6356506
    509,   2.97273803,   24.3360004
    510, -0.825904369,   23.1409225
    511,  -2.01998186,   22.0356236
    512,          -5.,          27.
    513,  -3.97752857,   26.0515556
    514,  -2.98035145,   27.0827866
    515,  -2.17660093,   19.8602676
    516,  -1.13264096,   20.8711681
    517,  0.437211454,    17.819706
    518, -0.458248973,   16.1280613
    519,  0.716811776,   16.6429882
    520,   4.16170931,   17.9607239
    521,   3.40808415,   16.8666573
    522,   4.24637508,   15.9059315
    523,           5.,          17.
    524,   4.22518158,   13.9348736
    525,           5.,          15.
    526,   3.42673302,   12.8869457
    527,           5.,          13.
    528,  -3.35049534,   8.97555351
    529,          -5.,           9.
    530,   1.79973459,    12.833066
    531,    2.5825994,   11.8831501
    532, -0.748657703,   11.9015675
    533,  -1.61475337,   10.9220715
    534, -0.806828737,   9.92247868
    535, 0.0592669398,   10.9019747
    536,   4.07178545,   4.00132608
    537,           5.,           5.
    538,   3.03776169,   3.00300932
    539,   3.96597624,   2.00168324
    540,           5.,           3.
    541,  -4.21711111, -0.635732412
    542,  -5.17052746,  -2.74468994
    543,  -3.85062695,  -2.12142301
    544,   2.89456725,   0.96270901
    545,           5.,           1.
    546,  -10.8334465,  -9.24670124
    547,         -10.,         -10.
    548,  -12.8042622,  -9.23625183
    549,         -12.,         -10.
    550,  -14.7785988,  -9.21966362
    551,         -14.,         -10.
    552,  -16.7573566,  -9.20664978
    553,         -16.,         -10.
    554,  -17.4884567,  -8.40072632
    555,         -18.,         -10.
    556,  -21.3331165,  -8.28437996
    557,  -20.0433006,   -7.4979291
    558,  -20.5856075,    -6.594594
    559,  -21.8754234,  -7.38104439
    560,         -24.,           0.
    561,  -24.1364403,  -1.62085867
    562,   -23.562521,  -2.53594089
    563,  -22.8511181,   -3.3390131
    564,         -22.,         -10.
    565,  -24.6302071,  -4.22151852
    566,  -24.4103222,   -3.2331748
    567,           0.,         -10.
    568,  0.124655187,  -8.18845177
    569,  -1.71900499,  -1.69663286
    570,  -1.56099677, -0.831656218
    571,  -2.73566151, -0.767727852
    572,  -2.89366984,   -1.6327045
    573,  -2.78474259,  -7.37439632
    574, -0.797198653,  -7.32286596
    575,  -3.62113285,  -4.78808498
    576,  -2.53051209,  -4.00730133
    577,  -3.36905026,  -3.09252214
    578,  -4.45967102,   -3.8733058
    579,  -5.80098724,  -4.72798634
    580,  -6.83821297,  -5.66543055
    581,  -4.70553398,   -5.6534915
    582,  -9.12224007,  -5.60647964
    583,  -10.0349159,  -6.22535086
    584,  -8.49327183,  -6.36589813
    585,   -10.637373,   -5.3731966
    586,  -11.8221703,  -6.10578728
    587,  -12.4431868,  -5.24553871
    588,  -13.6978607,  -6.01605654
    589,  -14.9122734,  -4.26981497
    590,  -15.4953194,  -3.38291883
    591,  -16.7885303,  -4.19133759
    592,  -16.2054844,  -5.07823372
    593,  -17.3570213,  -3.30180335
    594,  -18.6246586,  -4.11798048
    595,  -18.0561676,  -5.00751448
    596,  -16.8803253,  -6.75115585
    597,  -18.1447697,  -7.55643654
    598,  -19.1787453,  -3.23173475
    599,  -17.9457703,  -2.42963719
    600,  -22.6735859,  -5.50890875
    601,  -22.8667316,  -4.66092491
    602,  -23.9359741,  -5.18657494
    603,           5.,          19.
    604,   4.43988943,   20.1127205
    605,   3.60159874,   19.0734463
    606,   4.26204634,   21.2797661
    607,   5.71428585,   20.7142849
    608,   5.53644276,   21.8813286
    609, -0.666349411,   13.9586239
    610,  -1.41080165,   15.2219477
    611,  -1.53946781,    12.969923
    612,  0.124460697,   12.8902683
    613,  -1.67786241,   8.95759392
    614, -0.860375762,     7.989254
    615, 0.0106579829,   8.95413876
    616,  -2.54208541,   7.99262238
    617,  -2.48627234,   9.94052505
    618,  -1.73404491,   7.06504917
    619, -0.912692249,   6.14704227
    620, -0.0390231013,   7.07124662
    621,  -1.75939405,    5.2835083
    622, -0.949323833,   4.45742321
    623,  -0.10262201,   5.32095671
    624,  -1.66568422,   3.65904379
    625, -0.932681382,   3.04953575
    626, -0.216320902,   3.84791493
    627,   1.12473476,   3.17848587
    628,   1.88386881,   2.08530807
    629,  -0.11550656,   1.89406061
    630,  0.271378636,   2.68769073
    631,  -1.31956649,   2.25590563
    632,  -2.41209316,  -2.60380363
    633,  -1.57672143,  -3.06504464
    634, -0.883633256,  -2.15787387
    635, -0.671743751,  -3.78373289
    636,  0.265862107,  -4.53665829
    637,  0.210724324,  -2.68249607
    638,    1.1866256,   -5.3629961
    639,   2.12955427,  -6.22657013
    640,    1.1440146,  -7.23276234
    641,   11.4285717,   26.4285717
    642,   11.6664295,   27.3729076
    643,   10.4605885,   27.0606022
    644,   11.7414808,    28.234642
    645,   10.5251884,   28.5476646
    646,   10.7951565,   27.8481598
    647,   7.14285755,   22.1428566
    648,   5.52427769,   23.1574745
    649,   5.94332981,   27.0667152
    650,  -22.2772255,  -6.40755272
    651,  -2.42505789,  0.370265871
    652,  -6.51184368,  -3.59937048
    653, -0.973107934,   27.2284622
    654, 0.0509708822,   26.4752464
    655,  0.330907196,   18.6457806
    656,  0.222160786,  -6.36717701
    657,  -3.73802185,  -6.51702595
    658,  -8.39187813,  -3.05474758
    659,  -7.91370583,  -4.31277657
    660,  -10.3024502,  -2.81124568
    661,  -9.81179047,  -3.81189704
    662,  -12.2374563,  -2.67110443
    663,  -11.6976967,  -3.60464835
    664,  -14.1646042,  -2.57322073
    665,  -13.6025333,  -3.47815132
    666,  -16.0673122,  -2.49439263
    667,  -2.72233343,   18.0250854
    668,  -2.28604603,    16.252121
    669,  -2.35871434,   14.0148773
    670,  -2.42624712,   11.9374599
    671,    2.0025816,   16.2966118
    672,   2.54112244,     9.915905
    673,   1.69031882,    8.9275341
    674,  -2.58590412,   6.10261536
    675,  -2.57404804,   4.31711054
    676,  -2.39237595,   2.67309999
    677,          -5.,          25.
    678,  0.196243882,   24.7923679
    679,  0.299656034,   23.8718185
    680,   1.75282884,   24.1334953
    681,   1.64941669,   25.0540466
    682,   1.73796558,   10.8832216
    683,  -18.7617378,  -6.69023132
    684,  -22.0712795,   -3.9737916
    685,  -23.6465702,  -4.02614641
    686,   1.76968098, -0.159496069
    687,  0.893001378,  -1.34480476
    688,  -9.32097626,    -4.697577
    689,  -7.71496964,  -5.22167921
    690,  -11.1281872,  -4.48751688
    691,  -13.0126972,  -4.36267042
    692,  -14.3224373,  -5.15433407
    693,  -17.4846325,  -5.88377285
    694,  -19.3332729,  -5.81397343
    695,  -15.6011772,  -5.94561672
    696,  -21.4859123,  -4.80566788
    697,  -20.3913002,  -4.03744555
    698,  -1.93990636,   1.31269717
    699,  -1.42309833, 0.0857027769
    700, -0.201356232, -0.820182502
    701, -0.063457787, 0.0971764475
    702,  0.758982539,  0.963102996
    703,  0.637035191,   4.33870983
    704,   5.94273472,   25.9764862
    705,   1.80979323,   23.2549763
    706,   3.02970219,   23.4574814
    707,    3.1094768,   20.2838478
    708,    -21.08955,  -5.70431185
    709,     3.572685,   22.1167812
    710,   4.13891125,   23.1095619
    711,   2.46347618,   22.4646988
    712,   5.74417591,   24.5898037
    713,  -24.9196129,  -5.38194704
    714,   12.8571424,   27.8571434
    715,   0.95542717,   22.6934147
    716,   1.60911024,   21.9031372
    717,   2.42011547,   21.1208649
    718, -0.937946916,   1.02813399
    719,  0.761838436,   6.10499954
    720,  0.827193081,   7.96953011
    721,  0.873783767,   9.91214371
    722,  0.923448801,   11.8730526
    723,  0.671322107,   21.1039352
    724, -0.170133203,   21.9625206
    725, -0.291185647,   20.0125828
    726,  -19.8372154,  -4.92369127
    727,   1.01377213,   25.9843559
    728,  -29.9039268,  -4.02454853
    729,  -28.8717346,  -3.30369902
    730,  -27.9262619,  -2.92154837
    731,  -29.1573486,   -2.2221489
    732,   9.69711399,   27.8173256
