      1,          15.,          30.
      2,          -5.,          30.
      3,          -5.,           0.
      4,         -25.,           0.
      5,  -26.9134178,  -9.61939812
      6,  -28.5355339,  -8.53553391
      7,  -29.6193981,  -6.91341734
      8,         -30.,          -5.
      9,  -29.6193981,   -3.0865829
     10,  -28.5355339,  -1.46446609
     11,  -26.9134178,  -0.38060233
     12,         -25.,         -10.
     13,           5.,         -10.
     14,           5.,          20.
     15,          13.,          30.
     16,          11.,          30.
     17,           9.,          30.
     18,           7.,          30.
     19,           5.,          30.
     20,           3.,          30.
     21,           1.,          30.
     22,          -1.,          30.
     23,          -3.,          30.
     24,          -5.,          28.
     25,          -5.,          26.
     26,          -5.,          24.
     27,          -5.,          22.
     28,          -5.,          20.
     29,          -5.,          18.
     30,          -5.,          16.
     31,          -5.,          14.
     32,          -5.,          12.
     33,          -5.,          10.
     34,          -5.,           8.
     35,          -5.,           6.
     36,          -5.,           4.
     37,          -5.,           2.
     38,          -7.,           0.
     39,          -9.,           0.
     40,         -11.,           0.
     41,         -13.,           0.
     42,         -15.,           0.
     43,         -17.,           0.
     44,         -19.,           0.
     45,         -21.,           0.
     46,         -23.,           0.
     47,           3.,         -10.
     48,           1.,         -10.
     49,          -1.,         -10.
     50,          -3.,         -10.
     51,          -5.,         -10.
     52,          -7.,         -10.
     53,          -9.,         -10.
     54,         -11.,         -10.
     55,         -13.,         -10.
     56,         -15.,         -10.
     57,         -17.,         -10.
     58,         -19.,         -10.
     59,         -21.,         -10.
     60,         -23.,         -10.
     61,           5.,          18.
     62,           5.,          16.
     63,           5.,          14.
     64,           5.,          12.
     65,           5.,          10.
     66,           5.,           8.
     67,           5.,           6.
     68,           5.,           4.
     69,           5.,           2.
     70,           5.,           0.
     71,           5.,          -2.
     72,           5.,          -4.
     73,           5.,          -6.
     74,           5.,          -8.
     75,   6.42857122,   21.4285717
     76,   7.85714293,   22.8571434
     77,   9.28571415,   24.2857151
     78,   10.7142859,   25.7142849
     79,   12.1428576,   27.1428566
     80,   13.5714283,   28.5714283
     81,  -26.3336372,  -7.76659107
     82,  -28.2226868,  -6.43824339
     83,  -28.1175652,  -4.60588837
     84,  -26.1591434,  -2.10037327
     85,   7.94419193,   28.1601086
     86,  -3.19118237,   27.2962761
     87,  -5.94074678,  -1.56135583
     88,  -3.28010941,   6.99999666
     89,  -7.98214865,  -1.62386549
     90,   5.94069958,   28.2131767
     91,   3.96576309,   28.1945496
     92,   1.96850979,   28.1876316
     93, -0.00925469864,   28.2110806
     94,  -3.19306159,   25.1208878
     95,  -3.24140286,   23.0419273
     96,  -3.26721168,     21.01577
     97,  -3.29015899,   19.0030117
     98,  -3.29848814,   16.9995918
     99,   -3.2950747,   14.9994574
    100,  -3.28950334,   12.9997454
    101,  -3.28517389,   10.9999161
    102,  -3.28540468,    8.9999752
    103,  -3.28817058,   4.99999905
    104,  -3.32450199,   2.98746324
    105,  -3.41863847,  0.927179158
    106,  -9.99433708,  -1.64214647
    107,    -11.99823,  -1.64728785
    108,  -13.9994688,  -1.64868796
    109,  -15.9998932,  -1.64905524
    110,  -18.0005169,   -1.6548574
    111,   -19.994421,  -1.67004955
    112,   -21.960701,  -1.70543468
    113,  -24.0205898,  -8.05579758
    114,  -23.9267063,  -1.82353294
    115,   2.29777122,  -8.18962097
    116,  0.123059466,  -8.18267441
    117,  -1.95802188,  -8.22096157
    118,  -3.98471189,  -8.24636459
    119,  -5.99523783,   -8.2685194
    120,  -7.99814987,  -8.27763176
    121,  -9.99911308,   -8.2813158
    122,  -11.9996176,   -8.2825079
    123,  -13.9998579,  -8.28286648
    124,  -15.9999981,  -8.28308964
    125,  -18.0003262,  -8.28923416
    126,  -19.9951019,  -8.28801823
    127,  -21.9786606,  -8.23145771
    128,   3.37062716,   18.9233551
    129,   3.34054041,   16.9807224
    130,   3.33640957,   14.9944878
    131,   3.34315801,   12.9984617
    132,   3.34957194,   10.9995937
    133,   3.35198402,     8.999897
    134,   3.35113668,   6.99997568
    135,   3.34448671,   4.99999523
    136,    3.3265295,   2.99973011
    137,   3.30527616,  0.998020113
    138,   3.28119373,  -1.01071751
    139,   3.25898099,  -3.01927686
    140,   3.24397135,  -5.00071239
    141,   10.2151985,   28.0007057
    142,   8.72700691,    26.224247
    143,   4.53118944,   21.9883575
    144,    7.4225564,   24.7146339
    145,   6.02210903,   23.3871956
    146,  -24.9141693,  -5.84206676
    147,   -27.758709,  -3.09401059
    148,  -3.74367332,  -1.32242095
    149,   3.37542582,  -6.68383884
    150,  -1.68782008,   28.3659058
    151,   2.93006825,   26.3407249
    152,   1.37449419,  -6.19837618
    153,  -6.99313116,  -6.56894302
    154,  -8.99560261,  -6.58624029
    155,  -10.9978485,  -6.59370756
    156,  -12.9991169,  -6.59640884
    157,  -14.9997482,  -6.59741163
    158,  -17.0005054,  -6.60687542
    159,  -18.9910336,  -6.61446953
    160,  -20.9443874,  -6.58081102
    161,  -1.56252813,   20.0199757
    162,   1.69096434,   15.9887323
    163,   1.69573748,   13.9958906
    164,   1.70559001,   11.9987364
    165,     1.712358,      9.99965
    166,   1.70500433,   5.99998617
    167,   1.67963386,   3.99886894
    168,   1.64330435,   1.99145818
    169,  0.905702949,   26.4169083
    170,  -1.23154819,   26.3408546
    171,  -1.48619592,   24.0970173
    172,  -1.52001476,   22.0616055
    173,   -1.6039356,   18.0015297
    174,   1.71200323,   7.99990702
    175,   1.57110965,  -2.04215574
    176, -0.883958101,  -6.38697195
    177,  -2.94760537,  -6.42948389
    178,  -4.98543882,  -6.52348185
    179,  -6.97729588,  -3.23084092
    180,  -8.98907471,  -3.26648521
    181,  -10.9956169,  -3.28038645
    182,  -12.9984198,  -3.28506351
    183,  -14.9995422,  -3.28655887
    184,   -17.000536,  -3.29590154
    185,  -18.9907722,  -3.31196833
    186,  -20.9331837,   -3.3324461
    187,  -1.61828923,   15.9975128
    188,  -1.61388779,   13.9984798
    189,  -1.60545456,   11.9994555
    190,  -1.59979153,   9.99984074
    191,   -1.5975486,   7.99995708
    192,  -1.60532558,   5.99998999
    193,  -1.63823593,    3.9940958
    194,  -1.70293796,   1.96242869
    195,   1.60747373, -0.0272606201
    196,    1.5512104,  -4.03328276
    197,   4.92077351,   26.4265118
    198,    1.7285229,   17.9747887
    199,    -22.78298,  -3.40262842
    200,  -22.8547916,  -6.42256784
    201,   3.40620279,   20.6201363
    202,   6.79960585,   26.4659615
    203,   4.04114676,   24.2806396
    204,  -24.5952816,  -3.71108937
    205,   11.9858971,   28.7429981
    206,  -26.3854027,  -4.19141436
    207,  -23.3982754,  -4.86368704
    208,   2.28591108,   22.2277603
    209, 0.0553736538,   16.9928093
    210,  -1.80476701, -0.120870896
    211,  -4.98795748,  -3.15208316
    212, 0.0110525833,  -4.82521629
    213,  -4.00782299,  -4.75885105
    214,  -5.99015188,  -4.85574389
    215,  -7.99004316,  -4.90417004
    216,  -9.99438381,  -4.92552328
    217,  -11.9974594,  -4.93413877
    218,  -13.9990435,  -4.93733311
    219,  -16.0001259,   -4.9451685
    220,  -17.9929962,  -4.95586967
    221, -0.106511481,  -3.09629536
    222, 0.0373850204,   4.99800777
    223, -0.00596798118,   2.98531127
    224,  -1.85946262,  -4.40848017
    225, -0.0991605446,  -1.08530307
    226, -0.0603425503,  0.950960577
    227, 0.0547269247,   6.99963188
    228, 0.0591881089,    8.9997921
    229, 0.0547586642,   10.9993916
    230, 0.0464525074,   12.9979057
    231, 0.0427251458,   14.9952221
    232,  0.212301388,   23.1476116
    233,  0.224221572,   21.0705128
    234,   0.11305099,    19.004488
    235,  -19.9494209,   -4.9559412
    236,   1.85475612,   19.9701729
    237,  -21.8105068,  -4.92634678
    238,    5.8412385,   25.0549889
    239,  -1.81460941,  -2.20061183
    240,  -3.28270507,  -3.16848946
    241,   1.73495877,   24.5517578
    242, 0.0270437729,   24.9108295
    243,   -26.794693,  -5.76884079
    244,   7.37189865,   27.3130341
    245,   6.94244576,   28.1866417
    246,   6.37015247,   27.3395691
    247,  -4.09559107,    27.648138
    248,          -5.,          27.
    249,  -4.09559107,    26.648138
    250,  -3.49235582,   -9.1231823
    251,  -2.47901106,  -9.11048126
    252,  -2.97136688,  -8.23366356
    253,   4.17599201,    9.4999485
    254,   4.17478609,   10.4997969
    255,    3.3507781,   9.99974537
    256,  -6.96144772,   -1.5926106
    257,  -6.47037315, -0.780677915
    258,  -7.49107456, -0.811932743
    259,  -24.5102959,  -9.02789879
    260,         -24.,         -10.
    261,  -23.5102959,  -9.02789879
    262,  -27.4345856,  -8.15106201
    263,  -27.7778511,  -9.15734768
    264,  -26.6235275,  -8.69299507
    265,  -28.3791103,  -7.48688889
    266,   -27.278162,  -7.10241699
    267,  -26.5900478,  -4.98012733
    268,  -27.2514839,  -4.39865112
    269,  -27.4561291,  -5.18736458
    270,  -29.0587826,  -4.80294418
    271,  -29.1113434,  -5.71912193
    272,   -28.170126,  -5.52206612
    273,  -26.5641651,  -6.76771593
    274,  -25.6239033,  -6.80432892
    275,  -25.8544312,  -5.80545378
    276,  -26.9589272,  -2.59719181
    277,  -27.3473396,  -1.78241968
    278,  -28.1471214,  -2.27923822
    279,   7.11108112,   25.5902977
    280,   8.07478142,   25.4694405
    281,   7.76330662,   26.3451042
    282,   7.47209597,   29.0800552
    283,   6.47034979,   29.1065884
    284,   3.44791555,   27.2676373
    285,   2.96713638,   28.1910896
    286,   2.44928908,   27.2641792
    287,   4.95323133,   28.2038631
    288,   5.47034979,   29.1065884
    289,   4.48288155,   29.0972748
   290,   4.48095989,   25.3535767
    291,   3.92542076,   26.3836174
    292,   3.48560762,   25.3106823
    293,   3.48288155,   29.0972748
    294,   2.48425484,   29.0938148
    295,   0.97962755,   28.1993561
    296,   1.48425484,   29.0938148
    297,  0.495372653,   29.1055412
    298,  -3.09559107,    28.648138
    299,          -4.,          29.
    300,          -4.,          30.
    301,          -5.,          29.
    302,  -2.34390998,   29.1829529
    303,  -2.43950129,   27.8310909
    304,  -3.19212198,   26.2085819
    305,  -4.09653091,   25.5604439
    306,  -3.21723223,   24.0814075
    307,  -4.09653091,   24.5604439
    308,  -4.12070131,   23.5209637
    309,  -3.25430727,   22.0288486
    310,  -4.12070131,   22.5209637
    311,  -4.13360596,    21.507885
    312,  -3.27868533,   20.0093918
    313,  -4.13360596,    20.507885
    314,  -4.14507961,   19.5015068
    315,  -3.29432344,   18.0013008
    316,  -4.14507961,   18.5015068
    317,  -4.14924431,   17.4997959
    318,  -3.29678154,   15.9995251
    319,  -4.14924431,   16.4997959
    320,  -4.14753723,   15.4997292
    321,  -3.29228902,   13.9996014
    322,  -4.14753723,   14.4997292
    323,  -4.14475155,   13.4998722
    324,  -3.28733873,   11.9998302
    325,  -4.14475155,   12.4998722
    326,  -4.14258671,    11.499958
    327,   -4.1427021,    8.4999876
    328,   -4.1400547,   7.49999809
    329,  -3.28275704,   7.99998569
    330,  -3.28414011,   5.99999809
    331,   -4.1400547,   6.49999809
    332,  -4.14408541,   5.49999952
    333,   -3.3063364,   3.99373102
    334,  -4.14408541,   4.49999952
    335,    -4.162251,    3.4937315
    336,  -3.37157011,   1.95732117
    337,    -4.162251,    2.4937315
    338,  -4.20931911,   1.46358955
    339, -0.380449325,  -7.28482342
    340,  0.748776853,  -7.19052505
    341,  0.245268047,  -6.29267406
    342,   -8.9882431,  -1.63300598
    343,  -8.49107456, -0.811932743
    344,  -9.49716854, -0.821073234
    345,  -10.9962835,  -1.64471722
    346,  -10.4971685, -0.821073234
    347,   -11.499115, -0.823643923
    348,  -12.9988499,  -1.64798784
    349,   -12.499115, -0.823643923
    350,  -13.4997349, -0.824343979
    351,  -14.9996815,  -1.64887166
    352,  -14.4997349, -0.824343979
    353,  -15.4999466, -0.824527621
    354,   -17.000206,  -1.65195632
    355,  -16.4999466, -0.824527621
    356,  -17.5002594, -0.827428699
    357,  -18.9974689,  -1.66245341
    358,  -18.5002594, -0.827428699
    359,  -19.4972115, -0.835024774
    360,   -20.977562,  -1.68774211
    361,  -20.4972115, -0.835024774
    362,  -21.4803505,  -0.85271734
    363,  -21.4893303,  -9.11572838
    364,   -20.497551,  -9.14400864
    365,  -20.9868813,  -8.25973797
    366,  -24.4633522, -0.911766469
    367,  -25.5795708,  -1.05018663
    368,  -25.0429249,  -1.96195316
    369,           4.,          -9.
    370,           4.,         -10.
    371,           5.,          -9.
    372,   2.64888573,  -9.09481049
    373,   3.64888573,  -8.09481049
    374,  0.561529756,   -9.0913372
    375,   1.64888561,  -9.09481049
    376,   1.21041536,  -8.18614769
    377,   1.83613276,  -7.19399834
    378,    2.8365984,  -7.43672991
    379,   2.37495995,  -6.44110775
    380,  -1.47901094,  -9.11048126
    381, -0.438470274,   -9.0913372
    382, -0.917481184,  -8.20181847
    383,  -5.49761868,  -9.13426018
    384,  -4.49235582,   -9.1231823
    385,  -4.98997498,  -8.25744247
    386,  -7.49564075,  -7.42328739
    387,  -6.99669361,   -8.2730751
    388,  -6.49418449,  -7.41873121
    389,  -8.49687576,  -7.43193626
    390,  -7.99436665,   -6.5775919
    391,  -10.4984808,  -7.43751144
    392,  -9.49735832,  -7.43377781
    393,  -9.99672508,  -6.58997393
    394,  -12.4993668,  -7.43945837
    395,  -11.4987335,  -7.43810749
    396,  -11.9984827,  -6.59505844
    397,  -14.4998035,  -7.44013882
    398,  -13.4994869,  -7.43963766
    399,  -13.9994326,  -6.59691048
    400,  -16.5002518,  -7.44498253
    401,  -15.4998732,   -7.4402504
    402,  -16.0001259,  -6.60214329
    403,  -18.4956799,  -7.45185184
    404,  -17.5004158,  -7.44805479
    405,  -17.9957695,  -6.61067247
    406,  -20.4697456,  -7.43441486
    407,  -19.4930687,  -7.45124388
    408,  -19.9677105,  -6.59764004
    409,  0.983903527,   19.4873314
    410,  0.920786917,   18.4896393
    411,   1.79163957,   18.9724808
    412, -0.745442331,   18.5030098
    413, -0.774280965,   17.4971695
    414, 0.0842123181,   17.9986496
    415,    2.5136869,   15.4916096
    416,   3.33847499,   15.9876051
    417,   2.51575232,   16.4847279
    418,   2.51607347,   14.4951897
    419,   1.69335091,   14.9923115
    420,   2.52437401,   12.4985991
    421,    2.5194478,   13.4971762
    422,   1.70066381,   12.9973135
    423,   2.53096485,   10.4996223
    424,   2.52758098,   11.4991646
    425,     1.708974,   10.9991932
    426,   4.17556858,    7.4999876
    427,   4.17599201,    8.4999485
    428,   3.35156035,    7.9999361
    429,   2.52474546,   5.49999046
    430,    3.3478117,   5.99998569
    431,   2.52807045,   6.49998093
    432,   2.51206017,   4.49943209
    433,   1.69231915,    4.9994278
    434,   2.48491693,   2.49559402
    435,    2.5030818,   3.49929953
    436,    1.6614691,   2.99516344
    437,   4.14059687, -0.505358756
    438,   4.15263796,  0.499010056
    439,   3.29323483, -0.00634869933
    440,   4.12949038,  -2.50963831
    441,   4.14059687,   -1.5053587
    442,   3.27008724,  -2.01499724
    443,   4.12198544,   -4.5003562
    444,   4.12949038,  -3.50963831
    445,   3.25147629,  -4.00999451
    446,   4.18771267,  -7.34191942
    447,           5.,          -7.
    448,   4.18771267,  -6.34191942
    449,   9.47110271,   27.1124763
    450,   9.07969475,   28.0804062
    451,    8.3355999,   27.1921768
    452,   10.4647427,   26.8574944
    453,   11.4285717,   26.4285717
    454,   11.1790276,   27.5717812
    455,   11.1005478,   28.3718529
    456,   12.0643768,   27.9429283
    457,   11.4929485,   29.3714981
    458,   10.6075993,   29.0003529
    459,   12.7786627,   28.6572132
    460,   13.2857141,   29.2857132
    461,   12.4929485,   29.3714981
    462,   14.2857141,   29.2857132
    463,          14.,          30.
    464,  -26.5362816,  -1.24048781
    465,  -27.7778511, -0.842652082
    466,  -25.9754524,   -9.9039259
    467,  -25.6668186,  -8.88329506
    468,  -29.9039268,  -5.97545147
    469,  -28.9210434,  -6.67583036
    470,  -29.1573486,   -7.7778511
    471,  -28.6890526,  -3.09029675
    472,  -28.8684807,  -3.84623575
    473,  -27.9381371,  -3.84994936
    474,  -29.9039268,  -4.02454853
    475,  -22.3326492,  -5.67445755
    476,  -21.8995895,  -6.50168943
    477,  -21.3774471,  -5.75357914
    478,  -25.9754524, -0.0960736573
    479,   8.47209549,   29.0800552
    480,           8.,          30.
    481,           6.,          30.
    482,          -5.,          25.
    483,   1.91788554,   26.3788166
    484,   1.43710637,    27.302269
    485,  -5.47037315, -0.780677915
    486,          -6.,           0.
    487,          -8.,           0.
    488,          -5.,           7.
    489,          -5.,           5.
    490,         -10.,           0.
    491,  -7.49907494,  -9.13881588
    492,  -6.49761868,  -9.13426018
    493,           4.,          30.
    494,   8.35413551,   24.5001755
    495,   9.00636101,    25.254982
    496,           2.,          30.
    497,   6.93962574,   23.1221695
    498,   7.63984966,   23.7858887
    499,   6.72233295,   24.0509148
    500,           0.,          30.
    501, -0.504627347,   29.1055412
    502,  0.119672582,   24.0292206
    503,  0.973630071,   23.8496857
    504,  0.881001294,   24.7312927
    505, -0.848537385,   28.2884941
    506,  -1.34390998,   29.1829529
    507, -0.162922621,   26.3788815
    508,  0.448224127,   27.3139954
    509, -0.620401442,   27.2759666
    510,          -5.,          23.
    511,  -1.35887206,   25.2189369
    512,  -2.21230483,   25.7308712
    513,   -2.3396287,   24.6089516
    514,          -5.,          21.
    515,  -2.39361334,   21.5386887
    516,  -2.41486979,   20.5178719
    517,  -1.54127145,   21.0407906
    518,          -5.,          19.
    519,   1.24910629,   22.6876869
    520,   2.01043487,   23.3897591
    521,          -5.,          17.
    522,  0.891948283,    17.483799
    523,          -5.,          15.
    524,   4.17026997,   17.4903603
    525,    4.1853137,   18.4616776
    526,   3.35558367,   17.9520378
    527,          -5.,          13.
    528,   4.16820478,   15.4972439
    529,   4.17026997,   16.4903603
    530,          -5.,          11.
    531,  -4.14258671,    10.499958
    532,   4.17157888,   13.4992313
    533,   4.16820478,   14.4972439
    534,   3.33978367,   13.9964752
    535,  -3.28528929,   9.99994564
    536,   -4.1427021,    9.4999876
    537,   4.17478609,   11.4997969
    538,   4.17157888,   12.4992313
    539,   3.34636497,   11.9990273
    540,          -5.,           9.
    541,   2.53199363,   8.49990177
    542,   2.53217101,   9.49977303
    543,   1.71218061,   8.99977875
    544,          -5.,           3.
    545,   4.17224312,   5.49999762
    546,   4.17556858,    6.4999876
    547,          -5.,           1.
    548,  -4.20931911,  0.463589579
    549,   4.16326475,   3.49986506
    550,   4.17224312,   4.49999762
    551,   3.33550811,   3.99986267
    552,  -5.48905468,   -4.0039134
    553,  -5.98262691,  -3.19146204
    554,  -6.48372364,  -4.04329252
    555,   4.15263796,   1.49901009
    556,   4.16326475,   2.49986506
    557,   3.31590271,   1.99887514
    558,         -12.,           0.
    559,  -9.49955654,  -9.14065742
    560,  -8.49907494,  -9.13881588
    561,  -8.99863148,  -8.27947426
    562,         -14.,           0.
    563,  -11.4998093,  -9.14125443
    564,  -10.4995565,  -9.14065742
    565,  -10.9993649,  -8.28191185
    566,         -16.,           0.
    567,  -13.4999294,  -9.14143372
    568,  -12.4998093,  -9.14125443
    569,  -12.9997377,  -8.28268719
    570,         -18.,           0.
    571,   -15.499999,  -9.14154434
    572,  -14.4999294,  -9.14143372
    573,  -14.9999275,  -8.28297806
    574,         -20.,           0.
    575,   -17.500164,  -9.14461708
    576,        -16.5,  -9.14154434
    577,  -17.0001621,  -8.28616142
    578,         -22.,           0.
    579,  -22.4803505,  -0.85271734
    580,   -19.497551,  -9.14400864
    581,   -18.500164,  -9.14461708
    582,   -18.997715,  -8.28862572
    583,  -22.9437027,  -1.76448381
    584,  -23.4633522, -0.911766469
    585,  -23.6891308,  -3.55685902
    586,  -23.3548431,  -2.61308074
    587,   -24.260994,   -2.7673111
    588,  -25.1771126,  -7.91119432
    589,  -22.4893303,  -9.11572838
    590,         -22.,         -10.
    591,         -24.,           0.
    592,  -25.4903412,  -3.95125198
    593,  -25.3772125,   -2.9057312
    594,   -26.272274,  -3.14589381
    595,           2.,         -10.
    596, -0.0797515512, -0.0671712458
    597,   0.75415659, -0.556281865
    598,   0.77356559,  0.461849988
    599,  0.692773402,    -5.511796
    600,   1.46285224,  -5.11582947
    601,  0.781131506,  -4.42924976
    602,           0.,         -10.
    603,  -2.45281363,  -7.32522297
    604,  -1.42098999,  -7.30396652
    605,  -1.91578174,  -6.40822792
    606,          -2.,         -10.
    607,  -4.49663067,  -5.64116669
    608,  -3.96652222,  -6.47648287
    609,  -3.47771406,  -5.59416771
    610,          -4.,         -10.
    611,  -6.49164152,  -5.71234322
    612,  -5.98928499,   -6.5462122
    613,  -5.48779535,  -5.68961287
    614,          -6.,         -10.
    615,  -7.49158716,  -5.73655653
    616,  -6.99009752,   -4.8799572
    617,          -8.,         -10.
    618,  -9.49499321,  -5.75588179
    619,  -8.49282265,  -5.74520493
    620,  -8.99221325,  -4.91484642
    621,         -10.,         -10.
    622,   -11.497654,  -5.76392317
    623,  -10.4961166,  -5.75961542
    624,  -10.9959221,  -4.92983103
    625,         -12.,         -10.
    626,  -13.4990807,  -5.76687098
    627,  -12.4982882,  -5.76527405
    628,   -12.998251,   -4.9357357
    629,         -14.,         -10.
    630,  -15.4999371,  -5.77128983
    631,  -14.4993954,  -5.76737213
    632,  -14.9995842,   -4.9412508
    633,         -16.,         -10.
    634,  -17.4967499,  -5.78137255
    635,  -16.5003166,  -5.77602196
    636,  -16.9965611,  -4.95051908
    637,         -18.,         -10.
    638,  -19.4702263,  -5.78520536
    639,  -18.4920158,   -5.7851696
    640,  -18.9712086,  -4.95590544
    641,         -20.,         -10.
    642,  -22.6043911,  -4.89501667
    643,  -23.1265335,  -5.64312744
    644,  -22.9996262,  -8.14362717
    645,           5.,          19.
    646,    4.1853137,   19.4616776
    647,   4.20310116,   20.3100681
    648,   4.76559448,   20.9941788
    649,   3.96869612,   21.3042469
    650, 0.0490493998,   15.9940157
    651, -0.781457782,   16.4951611
    652, -0.787782073,   15.4963675
    653,           5.,          17.
    654,  -1.61608851,   14.9979963
    655,  -0.78558135,    14.496851
    656,           5.,          15.
    657, -0.783717632,   13.4981928
    658,  -1.60967112,   12.9989681
    659, -0.779501021,   12.4986801
    660,           5.,          13.
    661, -0.775347948,    11.499424
    662,  -1.60262299,   10.9996481
    663, -0.772516429,   10.4996166
    664,           5.,          11.
    665, -0.771410823,   7.49979448
    666,  -1.60143709,    6.9999733
    667, -0.775299311,   6.49981117
    668,           5.,           9.
    669, -0.783970296,   5.49899864
    670, 0.0460559726,   5.99881983
    671,           5.,           7.
    672,  -1.62178075,   4.99704266
    673,  -0.80042547,   4.49605179
    674,           5.,           5.
    675, -0.822101951,   3.48970366
    676,  -1.67058694,   2.97826219
    677, -0.854452968,   2.47387004
    678,           5.,           3.
    679,   2.45637488,  0.485379755
    680,   2.47429037,   1.49473917
    681,    1.6253891,  0.982098758
    682,           5.,           1.
    683, -0.0477294475,  -3.96075583
    684,  0.722349465,  -3.56478906
    685,           5.,          -1.
    686,   2.40509558,  -3.52627993
    687,   2.41504526,  -2.53071642
    688,   1.56116009,  -3.03771925
    689,           5.,          -3.
    690,   3.30969858,  -5.84227562
    691,   2.30923271,  -5.59954453
    692,   4.12198544,   -5.5003562
    693,           5.,          -5.
    694,          10.,          30.
    695,   9.60759926,   29.0003529
    696,          10.,          25.
    697,    9.7206459,    25.969265
    698,   5.71428585,   20.7142849
    699,   5.47988033,   21.7084656
    700,   6.22533989,   22.4078827
    701,   7.14285755,   22.1428566
    702,   6.32042217,   25.7604752
    703,   5.86018944,   26.4462357
    704,   5.38100624,   25.7407494
    705,   8.57142925,   23.5714283
    706,   4.94119263,   24.6678143
    707,   5.27664948,   22.6877766
    708,  -24.4673805,  -6.94893217
    709,  -23.4376907,  -7.23918247
    710,  -22.4167252,  -7.32701302
    711,  -29.1573486,   -2.2221489
    712,  -27.0720558,  -3.64271259
    713,  -3.58115578, -0.197620898
    714,  -4.37183666, -0.661210477
    715,  -4.84220982,  -1.44188833
    716,          -2.,          30.
    717,  -1.45968413,   27.3533802
    718,  -2.21136522,   26.8185654
    719,   2.33251357,   25.4462414
    720,   1.32033086,    25.484333
    721, -0.102836013,  -2.09079933
    722,  0.732299089,  -2.56922555
    723,   0.73597455,  -1.56372941
    724,  -5.49033833,  -7.39600086
    725,  -4.48507547,  -7.38492298
    726,  -8.48955917,  -4.08532763
    727,  -9.49172974,  -4.09600449
    728,  -10.4950008,  -4.10295486
    729,  -11.4965382,  -4.10726261
    730,  -12.4979401,  -4.10960102
    731,  -13.4987316,  -4.11119843
    732,  -14.4992924,  -4.11194611
    733,  -15.4998341,   -4.1158638
    734,  -16.5003319,   -4.1205349
    735,  -17.4967651,  -4.12588549
    736,  -18.4918842,  -4.13391876
    737,  -19.4700966,    -4.133955
    738,  -20.8799629,  -4.94114399
    739,  -20.4413033,  -4.14419365
    740,  -21.3718452,  -4.12939644
    741,  -21.8580818,  -3.36753726
    742,  -22.2967434,  -4.16448784
    743,   -21.461525,  -7.40613461
    744,  -2.42634344,   19.5114937
    745,  -2.44704723,   18.5022697
    746,  -2.45121193,   17.5005608
    747,   2.53453159,   17.4777565
    748,   2.54957509,   18.4490719
    749, 0.0445888266,   13.9965639
    750, 0.0506055877,   11.9986486
    751,   -0.7703017,   9.49981689
    752, 0.0569733866,   9.99959183
    753, -0.769180238,   8.49987411
    754, 0.0569575168,   7.99971199
    755,   1.70850372,   6.99994659
    756,   2.53156996,   7.49994135
    757, 0.0157085191,   3.99165964
    758, -0.0331552662,   1.96813595
    759, -0.881640255,    1.4566946
    760,  -1.75385249,  0.920778871
    761,  -2.56078815,   1.44480395
    762,  -2.61170268,  0.403154135
    763,  -2.38070869,   22.5517654
    764,  -2.36379933,   23.5694733
    765,   -1.5031054,   23.0793114
    766, -0.602252185,    25.625843
    767, -0.729576051,   24.5039234
    768,   2.07033348,   21.0989666
    769,   1.25506628,   21.6491356
    770,   1.03948879,   20.5203438
    771,   3.16352892,      23.2542
    772,    2.8880527,   24.4161987
    773,  -1.58323193,   19.0107536
    774,  -1.61111236,   16.9995213
    775,  -2.45838881,   16.4985523
    776,  -1.59867001,   8.99989891
    777,   2.42615175,  -1.52643657
    778,   1.58929169,  -1.03470814
    779,   2.44433379, -0.518989086
    780,   -1.3717103,  -5.39772606
    781, -0.436452746,  -5.60609436
    782, -0.924205005,  -4.61684799
    783,  -4.36581516,    -2.237252
    784,  -5.46435213,  -2.35671949
    785,  -3.46615863,    -7.337924
    786,  -6.45902157,  -2.39609838
    787,  -7.47972202,  -2.42735314
    788,  -7.98318529,  -3.24866295
    789,  -8.48561192,  -2.44517541
    790,  -9.49170589,   -2.4543159
    791,  -9.99234581,  -3.27343583
    792,   -10.494977,  -2.46126652
    793,  -11.4969234,  -2.46383715
    794,  -11.9970188,  -3.28272486
    795,  -12.4983253,  -2.46617556
    796,  -13.4989443,  -2.46687579
    797,  -13.9989815,  -3.28581119
    798,   -14.499506,  -2.46762347
    799,  -15.4997177,  -2.46780705
    800,  -16.0000381,   -3.2912302
    801,  -16.5002136,  -2.47247839
    802,  -17.5005264,  -2.47537947
    803,  -17.9956551,  -3.30393505
    804,  -18.4956436,  -2.48341274
    805,  -19.4925957,    -2.491009
    806,  -19.9619789,  -3.32220721
    807,  -20.4638023,  -2.50124788
    808,  -21.4469414,  -2.51894045
    809,  -22.3718414,  -2.55403161
    810,  -2.45668197,   15.4984856
    811,  -2.45448112,   14.4989681
    812,  -2.45169544,   13.4991131
    813,  -2.44747901,   12.4996004
    814,  -2.44531417,   11.4996853
    815,  -2.44248271,   10.4998779
    816,   -2.4425981,   9.49990845
    817,  -2.44147658,   8.49996567
    818,  -2.43882895,   7.49997711
    819,  -2.44271755,   6.49999332
    820,  -2.44674802,   5.49999428
    821,  -2.46320319,   4.49704742
    822,  -2.48136902,    3.4907794
    823,  -2.51372004,   2.47494602
    824, -0.932554781,  0.415044844
    825, -0.951963782, -0.603087008
    826,  0.791480899,   1.47120941
    827,  0.818668187,   2.48838472
    828,   2.39759088,  -4.51699734
    829,   5.43073654,   27.3198433
    830,    4.4432683,   27.3105316
    831,   1.70974362,     16.98176
    832,   2.61269164,    19.446764
    833,   3.38841486,   19.7717457
    834,   2.63047934,   20.2951546
    835,  -23.8844795,  -6.13231754
    836,   3.40855026,   22.1080589
    837,    4.2861681,   23.1344986
    838,   5.03162766,   23.8339176
    839,     5.931674,   24.2210922
    840,  -23.9967785,  -4.28738832
    841,  -24.7547264,  -4.77657795
    842,  -24.1562233,  -5.35287666
    843,   12.8571424,   27.8571434
    844,          12.,          30.
    845,  -27.5086899,  -6.10354233
    846,   -25.649786,   -5.0167408
    847,  -23.0906277,  -4.13315773
    848,   0.21826148,   22.1090622
    849,   2.84605694,   21.4239483
    850,  0.873169005,   16.4907703
    851,  -2.77422023, -0.721645951
    852,  -0.95688498,  -1.64295745
    853,  -1.80968821,  -1.16074133
    854,  -1.83703601,  -3.30454588
    855, -0.982987046,  -3.75238776
    856, -0.960560441,  -2.64845371
    857,  -2.54865718,  -2.68455076
    858,  -2.77914143,  -1.76151633
    859,  -3.51318932,  -2.24545527
    860,   -4.9989872,  -4.80729771
    861,  -4.49789047,  -3.95546722
    862,  -2.40353394,  -5.41898203
    863,  -7.48366928,  -4.06750536
    864,  -2.57108378,  -3.78848481
    865,  0.858509421,   4.49843836
    866,  0.871194661,   5.49899673
    867,  0.879865646,   6.49980927
    868,  0.836832941,   3.49209023
    869,  -2.93364286,  -4.58366585
    870,  0.883365095,   7.49976921
    871,  0.885595679,   8.49984932
    872,  0.885773063,   9.49972153
    873,  0.883558333,   10.4995213
    874,  0.880174339,   11.4990635
    875,  0.876021266,   12.4983215
    876,  0.871095002,   13.4968987
    877,  0.869231343,   14.4955559
    878,  0.866844773,   15.4919777
    879, -0.636947274,   23.6223145
    880, -0.653856695,   22.6046085
    881, -0.647896588,   21.5660591
    882, -0.669153273,   20.5452442
    883,  0.168636277,   20.0375004
    884, -0.724738598,   19.5122318
    885,  -20.4469032,  -5.76837635
    886,   6.63189745,   24.8848114
    887,  -4.13533115,  -3.16028643
    888,  -3.64526415,  -3.96367025
    889,  0.466373354,    25.663868
